代码,简称,日期,前收盘价(元),开盘价(元),最高价(元),最低价(元),收盘价(元),成交量(股),成交金额(元),涨跌(元),涨跌幅(%),均价(元),换手率(%),A股流通市值(元),B股流通市值(元),总市值(元),A股流通股本(股),B股流通股本(股),总股本(股),市盈率,市净率,市销率,市现率,
002015.SZ,霞客环保,2004-07-08,N/A,2.5727,2.811,2.571,2.7782,14629296,227732144.9,N/A,N/A,15.5669,73.1465,321800000,N/A,809648800,20000000,0,50320000,41.0453,9.1599,2.0296,43.1217,
002015.SZ,霞客环保,2004-07-09,2.7782,2.7454,2.8144,2.6435,2.6625,7851213,124433338.2,-0.1157,-4.1641,15.8489,39.2561,308400000,N/A,775934400,20000000,0,50320000,39.3361,8.7785,1.9451,41.3261,
002015.SZ,霞客环保,2004-07-12,2.6625,2.6331,2.6401,2.3966,2.3966,4920701,69845524.3,-0.2659,-9.987,14.1942,24.6035,277600000,N/A,698441600,20000000,0,50320000,35.4076,7.9018,1.7508,37.1988,
002015.SZ,霞客环保,2004-07-13,2.3966,2.2636,2.3137,2.1566,2.2481,5056713,64887902.4,-0.1485,-6.196,12.832,25.2836,260400000,N/A,655166400,20000000,0,50320000,33.2138,7.4122,1.6423,34.894,
002015.SZ,霞客环保,2004-07-14,2.2481,2.2429,2.2775,2.1583,2.2775,3000881,38735751.8,0.0294,1.3057,12.9081,15.0044,263800000,N/A,663720800,20000000,0,50320000,33.6474,7.509,1.6638,35.3496,
002015.SZ,霞客环保,2004-07-15,2.2775,2.2533,2.2913,2.1946,2.2084,2140681,27804319.7,-0.0691,-3.0326,12.9885,10.7034,255800000,N/A,643592800,20000000,0,50320000,32.627,7.2813,1.6133,34.2776,
002015.SZ,霞客环保,2004-07-16,2.2084,2.2049,2.3707,2.1859,2.312,3779060,50333906,0.1036,4.6912,13.3192,18.8953,267800000,N/A,673784800,20000000,0,50320000,34.1576,7.6228,1.689,35.8856,
002015.SZ,霞客环保,2004-07-19,2.312,2.312,2.3897,2.2895,2.3431,2174216,29540718.6,0.0311,1.3443,13.5868,10.8711,271400000,N/A,682842400,20000000,0,50320000,34.6168,7.7253,1.7117,36.368,
002015.SZ,霞客环保,2004-07-20,2.3431,2.3828,2.4294,2.3482,2.3603,2757628,38121622.6,0.0173,0.7369,13.8241,13.7881,273400000,N/A,687874400,20000000,0,50320000,34.8719,7.7822,1.7243,36.636,
002015.SZ,霞客环保,2004-07-21,2.3603,2.35,2.4,2.312,2.4,1665287,22574337.4,0.0397,1.6825,13.5558,8.3264,278000000,N/A,699448000,20000000,0,50320000,35.4586,7.9132,1.7534,37.2524,
002015.SZ,霞客环保,2004-07-22,2.4,2.3811,2.4242,2.2913,2.312,2563995,35262791.5,-0.0881,-3.6691,13.7531,12.82,267800000,N/A,673784800,20000000,0,50320000,34.1576,7.6228,1.689,35.8856,
002015.SZ,霞客环保,2004-07-23,2.312,2.2895,2.3586,2.2654,2.3586,1147575,15295403.9,0.0466,2.0164,13.3285,5.7379,273200000,N/A,687371200,20000000,0,50320000,34.8464,7.7766,1.7231,36.6092,
002015.SZ,霞客环保,2004-07-26,2.3586,2.3621,2.3621,2.2723,2.2964,849950,11380988,-0.0622,-2.6354,13.3902,4.2497,266000000,N/A,669256000,20000000,0,50320000,33.928,7.5716,1.6777,35.6444,
002015.SZ,霞客环保,2004-07-27,2.2964,2.2809,2.3137,2.1238,2.1669,1279978,16402599,-0.1295,-5.6391,12.8148,6.3999,251000000,N/A,631516000,20000000,0,50320000,32.0148,7.1446,1.5831,33.6344,
002015.SZ,霞客环保,2004-07-28,2.1669,2.1583,2.2222,2.0927,2.217,1126277,14107766.2,0.0501,2.3108,12.526,5.6314,256800000,N/A,646108800,20000000,0,50320000,32.7546,7.3097,1.6196,34.4116,
002015.SZ,霞客环保,2004-07-29,2.217,2.217,2.2895,2.1928,2.2654,1530487,19955714.1,0.0483,2.1807,13.0388,7.6524,262400000,N/A,660198400,20000000,0,50320000,33.4689,7.4691,1.655,35.162,
002015.SZ,霞客环保,2004-07-30,2.2654,2.2878,2.2878,2.2187,2.2291,915555,11914349.3,-0.0363,-1.6006,13.0133,4.5778,258200000,N/A,649631200,20000000,0,50320000,32.9332,7.3496,1.6285,34.5992,
002015.SZ,霞客环保,2004-08-02,2.2291,2.2067,2.2826,2.1756,2.2446,888610,11611221.4,0.0155,0.6971,13.0667,4.443,260000000,N/A,654160000,20000000,0,50320000,33.1627,7.4008,1.6398,34.8404,
002015.SZ,霞客环保,2004-08-03,2.2446,2.2274,2.3137,2.2274,2.2964,914270,12093615.1,0.0518,2.3077,13.2276,4.5714,266000000,N/A,669256000,20000000,0,50320000,33.928,7.5716,1.6777,35.6444,
002015.SZ,霞客环保,2004-08-04,2.2964,2.2826,2.3482,2.2826,2.3223,1146032,15379781.3,0.0259,1.1278,13.42,5.7302,269000000,N/A,676804000,20000000,0,50320000,34.3107,7.657,1.6966,36.0464,
002015.SZ,霞客环保,2004-08-05,2.3223,2.2999,2.3482,2.2964,2.2982,775167,10407643.9,-0.0242,-1.0409,13.4263,3.8758,266200000,N/A,669759200,20000000,0,50320000,33.9535,7.5773,1.6789,35.6712,
002015.SZ,霞客环保,2004-08-06,2.2982,2.2809,2.3293,2.2187,2.2446,1017370,13369620.8,-0.0535,-2.3291,13.1414,5.0869,260000000,N/A,654160000,20000000,0,50320000,33.1627,7.4008,1.6398,34.8404,
002015.SZ,霞客环保,2004-08-09,2.2446,2.2153,2.2187,2.1134,2.129,1378912,17133185.5,-0.1157,-5.1538,12.4251,6.8946,246600000,N/A,620445600,20000000,0,50320000,31.4536,7.0194,1.5553,33.0448,
002015.SZ,霞客环保,2004-08-10,2.129,2.1186,2.1669,2.1151,2.1583,414141,5142844.1,0.0294,1.3788,12.4181,2.0707,250000000,N/A,629000000,20000000,0,50320000,31.8872,7.1162,1.5768,33.5004,
002015.SZ,霞客环保,2004-08-11,2.1583,2.1549,2.1549,2.0582,2.1065,902228,10961014.3,-0.0518,-2.4,12.1488,4.5111,244000000,N/A,613904000,20000000,0,50320000,31.122,6.9454,1.5389,32.6964,
002015.SZ,霞客环保,2004-08-12,2.1065,2.0685,2.129,2.0668,2.1272,632238,7681188,0.0207,0.9836,12.1492,3.1612,246400000,N/A,619942400,20000000,0,50320000,31.4281,7.0137,1.5541,33.018,
002015.SZ,霞客环保,2004-08-13,2.1272,2.1376,2.1462,2.0892,2.1169,604190,7431260.4,-0.0104,-0.487,12.2995,3.021,245200000,N/A,616923200,20000000,0,50320000,31.275,6.9795,1.5465,32.8572,
002015.SZ,霞客环保,2004-08-16,2.1169,2.1376,2.1376,1.9597,1.9684,1019489,11800203.5,-0.1485,-7.0147,11.5746,5.0974,228000000,N/A,573648000,20000000,0,50320000,29.0812,6.4899,1.438,30.5524,
002015.SZ,霞客环保,2004-08-17,1.9684,1.9649,1.9839,1.9442,1.9649,421485,4784249,-0.0035,-0.1754,11.3509,2.1074,227600000,N/A,572641600,20000000,0,50320000,29.0302,6.4786,1.4355,30.4988,
002015.SZ,霞客环保,2004-08-18,1.9649,1.9822,1.9822,1.8682,1.8838,837006,9222796.4,-0.0812,-4.1301,11.0188,4.185,218200000,N/A,548991200,20000000,0,50320000,27.8312,6.211,1.3762,29.2392,
002015.SZ,霞客环保,2004-08-19,1.8838,1.8872,1.9062,1.8441,1.87,575521,6253858.5,-0.0138,-0.7333,10.8664,2.8776,216600000,N/A,544965600,20000000,0,50320000,27.6271,6.1654,1.3661,29.0247,
002015.SZ,霞客环保,2004-08-20,1.87,1.87,1.9062,1.8372,1.8872,425043,4597829.9,0.0173,0.9234,10.8173,2.1252,218600000,N/A,549997600,20000000,0,50320000,27.8822,6.2224,1.3787,29.2928,
002015.SZ,霞客环保,2004-08-23,1.8872,1.87,1.87,1.7802,1.8044,667740,6988702.9,-0.0829,-4.3916,10.4662,3.3387,209000000,N/A,525844000,20000000,0,50320000,26.6577,5.9491,1.3182,28.0063,
002015.SZ,霞客环保,2004-08-24,1.8044,1.7992,1.8786,1.7871,1.8389,568408,6062839.1,0.0345,1.9139,10.6664,2.842,213000000,N/A,535908000,20000000,0,50320000,27.1679,6.063,1.3434,28.5423,
002015.SZ,霞客环保,2004-08-25,1.8389,1.8303,1.8458,1.7664,1.7698,537341,5594566.3,-0.0691,-3.7559,10.4116,2.6867,205000000,N/A,515780000,20000000,0,50320000,26.1475,5.8353,1.2929,27.4703,
002015.SZ,霞客环保,2004-08-26,1.7698,1.7923,1.7923,1.6973,1.6973,644546,6472252.6,-0.0725,-4.0976,10.0416,3.2227,196600000,N/A,494645600,20000000,0,50320000,25.0761,5.5962,1.24,26.3447,
002015.SZ,霞客环保,2004-08-27,1.6973,1.6921,1.7059,1.6351,1.6472,692259,6698788.4,-0.0501,-2.9502,9.6767,3.4613,190800000,N/A,480052800,20000000,0,50320000,24.3363,5.4311,1.2034,25.5675,
002015.SZ,霞客环保,2004-08-30,1.6472,1.6231,1.7318,1.5954,1.6956,731086,7144778.9,0.0483,2.935,9.7728,3.6554,196400000,N/A,494142400,20000000,0,50320000,25.0506,5.5905,1.2387,26.3179,
002015.SZ,霞客环保,2004-08-31,1.6956,1.7456,1.7871,1.7128,1.7232,1233861,12444974.5,0.0276,1.6293,10.0862,6.1693,199600000,N/A,502193600,20000000,0,50320000,25.4588,5.6816,1.2589,26.7467,
002015.SZ,霞客环保,2004-09-01,1.7232,1.718,1.718,1.6593,1.6749,543108,5271544.4,-0.0483,-2.8056,9.7063,2.7155,194000000,N/A,488104000,20000000,0,50320000,24.7445,5.5221,1.2236,25.9963,
002015.SZ,霞客环保,2004-09-02,1.6749,1.6749,1.718,1.6576,1.7111,513351,5008805.9,0.0363,2.1649,9.7571,2.5668,198200000,N/A,498671200,20000000,0,50320000,25.2802,5.6417,1.2501,26.5591,
002015.SZ,霞客环保,2004-09-03,1.7111,1.68,1.7249,1.68,1.6921,240980,2371245.2,-0.019,-1.11,9.84,1.2049,196000000,N/A,493136000,20000000,0,50320000,24.9996,5.5791,1.2362,26.2643,
002015.SZ,霞客环保,2004-09-06,1.6921,1.6956,1.7094,1.6731,1.7077,228500,2245695.8,0.0155,0.9184,9.828,1.1425,197800000,N/A,497664800,20000000,0,50320000,25.2292,5.6303,1.2475,26.5055,
002015.SZ,霞客环保,2004-09-07,1.7077,1.7025,1.7146,1.6835,1.7094,202963,1997045.9,0.0017,0.1011,9.8395,1.0148,198000000,N/A,498168000,20000000,0,50320000,25.2547,5.636,1.2488,26.5323,
002015.SZ,霞客环保,2004-09-08,1.7094,1.7094,1.7094,1.6714,1.6835,260328,2544045.7,-0.0259,-1.5152,9.7725,1.3016,195000000,N/A,490620000,20000000,0,50320000,24.8721,5.5506,1.2299,26.1303,
002015.SZ,霞客环保,2004-09-09,1.6835,1.6749,1.699,1.642,1.6455,311110,3003423.9,-0.038,-2.2564,9.6539,1.5555,190600000,N/A,479549600,20000000,0,50320000,24.3108,5.4254,1.2021,25.5407,
002015.SZ,霞客环保,2004-09-10,1.6455,1.6403,1.6697,1.63,1.6576,203090,1940097.6,0.0121,0.7345,9.5529,1.0154,192000000,N/A,483072000,20000000,0,50320000,24.4894,5.4652,1.2109,25.7283,
002015.SZ,霞客环保,2004-09-13,1.6576,1.6628,1.6904,1.6334,1.6403,864396,8337494.3,-0.0173,-1.0417,9.6455,4.322,190000000,N/A,478040000,20000000,0,50320000,24.2343,5.4083,1.1983,25.4603,
002015.SZ,霞客环保,2004-09-14,1.6403,1.6369,1.7077,1.6369,1.6904,716698,6994241.7,0.0501,3.0526,9.759,3.5835,195800000,N/A,492632800,20000000,0,50320000,24.9741,5.5734,1.2349,26.2375,
002015.SZ,霞客环保,2004-09-15,1.6904,1.6921,1.8544,1.6835,1.8164,2111948,21732248.4,0.126,7.4566,10.2901,10.5597,210400000,N/A,529366400,20000000,0,50320000,26.8363,5.989,1.327,28.1939,
002015.SZ,霞客环保,2004-09-16,1.8164,1.8061,1.9338,1.8061,1.8821,2512295,27362386.9,0.0656,3.6122,10.8914,12.5615,218000000,N/A,548488000,20000000,0,50320000,27.8057,6.2053,1.3749,29.2124,
002015.SZ,霞客环保,2004-09-17,1.8821,1.8959,1.9926,1.8665,1.9874,2367155,26326918.2,0.1053,5.5963,11.1218,11.8358,230200000,N/A,579183200,20000000,0,50320000,29.3618,6.5526,1.4519,30.8472,
002015.SZ,霞客环保,2004-09-20,1.9874,2.0236,2.1583,2.0029,2.0979,2826092,33870881,0.1105,5.5604,11.9851,14.1305,243000000,N/A,611388000,20000000,0,50320000,30.9944,6.9169,1.5326,32.5624,
002015.SZ,霞客环保,2004-09-21,2.0979,2.0892,2.198,2.0374,2.1566,3074121,37428039.5,0.0587,2.7984,12.1752,15.3706,249800000,N/A,628496800,20000000,0,50320000,31.8617,7.1105,1.5755,33.4736,
002015.SZ,霞客环保,2004-09-22,2.1566,2.1324,2.2067,2.0806,2.1894,2705641,33763512.1,0.0328,1.5212,12.4789,13.5282,253600000,N/A,638057600,20000000,0,50320000,32.3464,7.2186,1.5995,33.9828,
002015.SZ,霞客环保,2004-09-23,2.1894,2.2429,2.2429,2.0858,2.1859,2765288,34279785.7,-0.0035,-0.1577,12.3965,13.8264,253200000,N/A,637051200,20000000,0,50320000,32.2954,7.2073,1.5969,33.9292,
002015.SZ,霞客环保,2004-09-24,2.1859,2.1825,2.3051,2.0892,2.0892,2975206,38144854.1,-0.0967,-4.4234,12.8209,14.876,242000000,N/A,608872000,20000000,0,50320000,30.8669,6.8885,1.5263,32.4284,
002015.SZ,霞客环保,2004-09-27,2.0892,2.0979,2.1341,2.0064,2.0288,973629,11664529.7,-0.0604,-2.8926,11.9805,4.8681,235000000,N/A,591260000,20000000,0,50320000,29.974,6.6892,1.4822,31.4904,
002015.SZ,霞客环保,2004-09-28,2.0288,2.0633,2.072,2.0202,2.0633,484519,5733061.3,0.0345,1.7021,11.8325,2.4226,239000000,N/A,601324000,20000000,0,50320000,30.4842,6.8031,1.5074,32.0264,
002015.SZ,霞客环保,2004-09-29,2.0633,2.0409,2.0789,2.0202,2.0305,375760,4464059.4,-0.0328,-1.59,11.8801,1.8788,235200000,N/A,591763200,20000000,0,50320000,29.9995,6.6949,1.4834,31.5172,
002015.SZ,霞客环保,2004-09-30,2.0305,2.034,2.0703,2.0046,2.0133,515610,6073062.7,-0.0173,-0.8503,11.7784,2.5781,233200000,N/A,586731200,20000000,0,50320000,29.7444,6.638,1.4708,31.2492,
002015.SZ,霞客环保,2004-10-08,2.0133,2.0133,2.0133,2.0133,2.0133,N/A,N/A,0,0,N/A,N/A,233200000,N/A,586731200,20000000,0,50320000,29.7444,6.638,1.4708,31.2492,
002015.SZ,霞客环保,2004-10-11,2.0133,2.1842,2.2153,2.1721,2.1859,4538929,57999407.2,0.1727,8.5763,12.7782,22.6946,253200000,N/A,637051200,20000000,0,50320000,32.2954,7.2073,1.5969,33.9292,
002015.SZ,霞客环保,2004-10-12,2.1859,2.1566,2.1704,2.0996,2.1031,1979093,24424708.1,-0.0829,-3.7915,12.3414,9.8955,243600000,N/A,612897600,20000000,0,50320000,31.0709,6.934,1.5364,32.6428,
002015.SZ,霞客环保,2004-10-13,2.1031,2.0806,2.1756,2.0616,2.1669,1639374,20201391,0.0639,3.0378,12.3226,8.1969,251000000,N/A,631516000,20000000,0,50320000,32.0148,7.1446,1.5831,33.6344,
002015.SZ,霞客环保,2004-10-14,2.1669,2.1652,2.2032,1.9511,1.977,2709293,31607876.3,-0.1899,-8.7649,11.6665,13.5465,229000000,N/A,576164000,20000000,0,50320000,29.2087,6.5184,1.4443,30.6864,
002015.SZ,霞客环保,2004-10-15,1.977,1.9131,1.9943,1.8665,1.9667,1410917,15669663.6,-0.0104,-0.524,11.106,7.0546,227800000,N/A,573144800,20000000,0,50320000,29.0557,6.4843,1.4367,30.5256,
002015.SZ,霞客环保,2004-10-18,1.9667,1.9667,2.0115,1.9373,1.9684,559374,6424171.6,0.0017,0.0878,11.4846,2.7969,228000000,N/A,573648000,20000000,0,50320000,29.0812,6.4899,1.438,30.5524,
002015.SZ,霞客环保,2004-10-19,1.9684,1.9856,2.0185,1.901,1.9062,532712,6083385,-0.0622,-3.1579,11.4197,2.6636,220800000,N/A,555532800,20000000,0,50320000,28.1628,6.285,1.3926,29.5876,
002015.SZ,霞客环保,2004-10-20,1.9062,1.8959,1.9045,1.8147,1.8596,411821,4427149.5,-0.0466,-2.4457,10.7502,2.0591,215400000,N/A,541946400,20000000,0,50320000,27.4741,6.1313,1.3585,28.8639,
002015.SZ,霞客环保,2004-10-21,1.8596,1.8665,1.889,1.775,1.8009,443971,4698533.4,-0.0587,-3.1569,10.583,2.2199,208600000,N/A,524837600,20000000,0,50320000,26.6067,5.9377,1.3156,27.9527,
002015.SZ,霞客环保,2004-10-22,1.8009,1.832,1.8631,1.7456,1.851,751869,7938472.3,0.0501,2.7804,10.5583,3.7593,214400000,N/A,539430400,20000000,0,50320000,27.3465,6.1028,1.3522,28.7299,
002015.SZ,霞客环保,2004-10-25,1.851,1.8976,1.8976,1.7871,1.7957,863994,9208366.1,-0.0553,-2.9851,10.6579,4.32,208000000,N/A,523328000,20000000,0,50320000,26.5302,5.9207,1.3119,27.8723,
002015.SZ,霞客环保,2004-10-26,1.7957,1.8061,1.8717,1.7646,1.8682,546397,5748479.6,0.0725,4.0385,10.5207,2.732,216400000,N/A,544462400,20000000,0,50320000,27.6016,6.1598,1.3648,28.9979,
002015.SZ,霞客环保,2004-10-27,1.8682,1.9097,2.0547,1.8821,2.0547,4009754,45754493.6,0.1865,9.9815,11.4108,20.0488,238000000,N/A,598808000,20000000,0,50320000,30.3567,6.7746,1.5011,31.8924,
002015.SZ,霞客环保,2004-10-28,2.0547,2.0513,2.0875,1.9684,1.9736,2479591,29306822,-0.0812,-3.9496,11.8192,12.398,228600000,N/A,575157600,20000000,0,50320000,29.1577,6.507,1.4418,30.6328,
002015.SZ,霞客环保,2004-10-29,1.9736,1.9097,2.0513,1.8821,1.9908,2077834,23866975.6,0.0173,0.8749,11.4865,10.3892,230600000,N/A,580189600,20000000,0,50320000,29.4128,6.564,1.4544,30.9008,
002015.SZ,霞客环保,2004-11-01,1.9908,1.9891,2.0599,1.9701,2.0374,1226417,14339019,0.0466,2.3417,11.6918,6.1321,236000000,N/A,593776000,20000000,0,50320000,30.1016,6.7177,1.4885,31.6244,
002015.SZ,霞客环保,2004-11-02,2.0374,2.034,2.0461,1.9943,2.0115,777188,9071153.2,-0.0259,-1.2712,11.6718,3.8859,233000000,N/A,586228000,20000000,0,50320000,29.7189,6.6323,1.4695,31.2224,
002015.SZ,霞客环保,2004-11-03,2.0115,2.0202,2.1531,2.0133,2.1428,2118616,25614386.5,0.1312,6.5236,12.0902,10.5931,248200000,N/A,624471200,20000000,0,50320000,31.6577,7.0649,1.5654,33.2592,
002015.SZ,霞客环保,2004-11-04,2.1428,2.1376,2.141,2.0461,2.0478,1612573,19523122.6,-0.095,-4.4319,12.1068,8.0629,237200000,N/A,596795200,20000000,0,50320000,30.2546,6.7518,1.496,31.7852,
002015.SZ,霞客环保,2004-11-05,2.0478,2.0892,2.1048,2.0323,2.0444,926749,11056923.7,-0.0035,-0.1686,11.9309,4.6337,236800000,N/A,595788800,20000000,0,50320000,30.2036,6.7404,1.4935,31.7316,
002015.SZ,霞客环保,2004-11-08,2.0444,2.0547,2.0772,2.0202,2.0616,501978,5952501.6,0.0173,0.8446,11.8581,2.5099,238800000,N/A,600820800,20000000,0,50320000,30.4587,6.7974,1.5061,31.9996,
002015.SZ,霞客环保,2004-11-09,2.0616,2.0633,2.1203,2.0374,2.0979,857063,10353837.4,0.0363,1.7588,12.0806,4.2853,243000000,N/A,611388000,20000000,0,50320000,30.9944,6.9169,1.5326,32.5624,
002015.SZ,霞客环保,2004-11-10,2.0979,2.0979,2.2205,2.0616,2.198,1964808,24635737.9,0.1001,4.7737,12.5385,9.824,254600000,N/A,640573600,20000000,0,50320000,32.474,7.2471,1.6058,34.1168,
002015.SZ,霞客环保,2004-11-11,2.198,2.1998,2.2377,2.1393,2.141,2311851,29392242.7,-0.057,-2.5923,12.7137,11.5593,248000000,N/A,623968000,20000000,0,50320000,31.6322,7.0592,1.5641,33.2324,
002015.SZ,霞客环保,2004-11-12,2.141,2.1531,2.198,2.1169,2.1566,930074,11624362.4,0.0155,0.7258,12.4983,4.6504,249800000,N/A,628496800,20000000,0,50320000,31.8617,7.1105,1.5755,33.4736,
002015.SZ,霞客环保,2004-11-15,2.1566,2.1618,2.1998,2.1549,2.1859,659937,8334440.6,0.0294,1.3611,12.6291,3.2997,253200000,N/A,637051200,20000000,0,50320000,32.2954,7.2073,1.5969,33.9292,
002015.SZ,霞客环保,2004-11-16,2.1859,2.2032,2.2032,2.1238,2.148,647391,8073119.4,-0.038,-1.7378,12.4702,3.237,248800000,N/A,625980800,20000000,0,50320000,31.7342,7.082,1.5692,33.3396,
002015.SZ,霞客环保,2004-11-17,2.148,2.1497,2.1497,2.0772,2.0806,756335,9220127.7,-0.0673,-3.135,12.1905,3.7817,241000000,N/A,606356000,20000000,0,50320000,30.7393,6.86,1.52,32.2944,
002015.SZ,霞客环保,2004-11-18,2.0806,2.0892,2.141,2.0841,2.129,490515,6024685.9,0.0483,2.3237,12.2824,2.4526,246600000,N/A,620445600,20000000,0,50320000,31.4536,7.0194,1.5553,33.0448,
002015.SZ,霞客环保,2004-11-19,2.129,2.1324,2.1341,2.0823,2.1065,554142,6750183.9,-0.0224,-1.0543,12.1813,2.7707,244000000,N/A,613904000,20000000,0,50320000,31.122,6.9454,1.5389,32.6964,
002015.SZ,霞客环保,2004-11-22,2.1065,2.1117,2.1497,2.1117,2.1238,505624,6229955.4,0.0173,0.8197,12.3213,2.5281,246000000,N/A,618936000,20000000,0,50320000,31.3771,7.0023,1.5515,32.9644,
002015.SZ,霞客环保,2004-11-23,2.1238,2.1238,2.1376,2.0996,2.1082,405059,4963490.5,-0.0155,-0.7317,12.2537,2.0253,244200000,N/A,614407200,20000000,0,50320000,31.1475,6.9511,1.5402,32.7232,
002015.SZ,霞客环保,2004-11-24,2.1082,2.1065,2.1721,2.0944,2.1324,497543,6145052.8,0.0242,1.1466,12.3508,2.4877,247000000,N/A,621452000,20000000,0,50320000,31.5046,7.0308,1.5578,33.0984,
002015.SZ,霞客环保,2004-11-25,2.1324,2.1186,2.1963,2.1186,2.1756,1446637,18239151.3,0.0432,2.0243,12.608,7.2332,252000000,N/A,634032000,20000000,0,50320000,32.1423,7.1731,1.5894,33.7684,
002015.SZ,霞客环保,2004-11-26,2.1756,2.1721,2.1963,2.1462,2.1514,417999,5254320.7,-0.0242,-1.1111,12.5702,2.09,249200000,N/A,626987200,20000000,0,50320000,31.7852,7.0934,1.5717,33.3932,
002015.SZ,霞客环保,2004-11-29,2.1514,2.1393,2.1583,2.0564,2.0651,650079,7888471.7,-0.0863,-4.0128,12.1346,3.2504,239200000,N/A,601827200,20000000,0,50320000,30.5097,6.8088,1.5086,32.0532,
002015.SZ,霞客环保,2004-11-30,2.0651,2.0461,2.0737,2.0236,2.0633,382567,4537292.7,-0.0017,-0.0836,11.8601,1.9128,239000000,N/A,601324000,20000000,0,50320000,30.4842,6.8031,1.5074,32.0264,
002015.SZ,霞客环保,2004-12-01,2.0633,2.0633,2.0633,1.9995,2.0081,358620,4201224.8,-0.0553,-2.6778,11.715,1.7931,232600000,N/A,585221600,20000000,0,50320000,29.6679,6.6209,1.467,31.1688,
002015.SZ,霞客环保,2004-12-02,2.0081,1.996,2.0029,1.9338,1.9718,783037,8902292,-0.0363,-1.8057,11.3689,3.9152,228400000,N/A,574654400,20000000,0,50320000,29.1322,6.5013,1.4405,30.606,
002015.SZ,霞客环保,2004-12-03,1.9718,1.9805,2.0703,1.9736,2.0202,661696,7796202.6,0.0483,2.4518,11.7822,3.3085,234000000,N/A,588744000,20000000,0,50320000,29.8465,6.6607,1.4758,31.3564,
002015.SZ,霞客环保,2004-12-06,2.0202,2.0254,2.0305,1.977,2.0064,266187,3077085.3,-0.0138,-0.6838,11.5599,1.3309,232400000,N/A,584718400,20000000,0,50320000,29.6424,6.6152,1.4658,31.142,
002015.SZ,霞客环保,2004-12-07,2.0064,1.9995,2.0167,1.9649,1.9718,256411,2941743.4,-0.0345,-1.7212,11.4728,1.2821,228400000,N/A,574654400,20000000,0,50320000,29.1322,6.5013,1.4405,30.606,
002015.SZ,霞客环保,2004-12-08,1.9718,1.9891,2.0254,1.977,1.9822,225000,2603106.4,0.0104,0.5254,11.5694,1.125,229600000,N/A,577673600,20000000,0,50320000,29.2853,6.5355,1.4481,30.7668,
002015.SZ,霞客环保,2004-12-09,1.9822,1.9822,2.0685,1.977,2.0392,475680,5620498.3,0.057,2.8746,11.8157,2.3784,236200000,N/A,594279200,20000000,0,50320000,30.1271,6.7234,1.4897,31.6512,
002015.SZ,霞客环保,2004-12-10,2.0392,2.0392,2.0444,2.0046,2.0167,285489,3345464.7,-0.0224,-1.1008,11.7184,1.4274,233600000,N/A,587737600,20000000,0,50320000,29.7954,6.6493,1.4733,31.3028,
002015.SZ,霞客环保,2004-12-13,2.0167,2.0064,2.0357,1.9891,2.034,260310,3046329.7,0.0173,0.8562,11.7027,1.3015,235600000,N/A,592769600,20000000,0,50320000,30.0505,6.7063,1.4859,31.5708,
002015.SZ,霞客环保,2004-12-14,2.034,2.0288,2.0651,2.0236,2.0633,241150,2856080.7,0.0294,1.4431,11.8436,1.2058,239000000,N/A,601324000,20000000,0,50320000,30.4842,6.8031,1.5074,32.0264,
002015.SZ,霞客环保,2004-12-15,2.0633,2.0633,2.0996,2.0461,2.0979,618800,7435076.1,0.0345,1.6736,12.0153,3.094,243000000,N/A,611388000,20000000,0,50320000,30.9944,6.9169,1.5326,32.5624,
002015.SZ,霞客环保,2004-12-16,2.0979,2.0754,2.0944,2.0305,2.0323,272420,3243118,-0.0656,-3.1276,11.9048,1.3621,235400000,N/A,592266400,20000000,0,50320000,30.025,6.7006,1.4847,31.544,
002015.SZ,霞客环保,2004-12-17,2.0323,2.0167,2.0202,1.9546,1.9546,368385,4222744.3,-0.0777,-3.8233,11.4629,1.8419,226400000,N/A,569622400,20000000,0,50320000,28.8771,6.4444,1.4279,30.338,
002015.SZ,霞客环保,2004-12-20,1.9546,1.9338,1.939,1.8734,1.8838,352918,3876296.4,-0.0708,-3.6219,10.9836,1.7646,218200000,N/A,548991200,20000000,0,50320000,27.8312,6.211,1.3762,29.2392,
002015.SZ,霞客环保,2004-12-21,1.8838,1.8976,1.92,1.8527,1.8821,179197,1952918.8,-0.0017,-0.0917,10.8982,0.896,218000000,N/A,548488000,20000000,0,50320000,27.8057,6.2053,1.3749,29.2124,
002015.SZ,霞客环保,2004-12-22,1.8821,1.8993,1.9597,1.8665,1.9597,346301,3859706,0.0777,4.1284,11.1455,1.7315,227000000,N/A,571132000,20000000,0,50320000,28.9536,6.4615,1.4317,30.4184,
002015.SZ,霞客环保,2004-12-23,1.9597,1.9546,1.9546,1.8872,1.889,192700,2140616.4,-0.0708,-3.6123,11.1085,0.9635,218800000,N/A,550500800,20000000,0,50320000,27.9077,6.2281,1.38,29.3196,
002015.SZ,霞客环保,2004-12-24,1.889,1.9131,1.9338,1.8751,1.9045,120759,1337136.9,0.0155,0.8227,11.0728,0.6038,220600000,N/A,555029600,20000000,0,50320000,28.1373,6.2793,1.3913,29.5608,
002015.SZ,霞客环保,2004-12-27,1.9045,1.9304,1.9338,1.8821,1.8907,63965,703433,-0.0138,-0.7253,10.9972,0.3198,219000000,N/A,551004000,20000000,0,50320000,27.9332,6.2338,1.3812,29.3464,
002015.SZ,霞客环保,2004-12-28,1.8907,1.8993,1.9097,1.8682,1.8941,145620,1592511.9,0.0035,0.1826,10.9361,0.7281,219400000,N/A,552010400,20000000,0,50320000,27.9843,6.2452,1.3838,29.4,
002015.SZ,霞客环保,2004-12-29,1.8941,1.8993,1.908,1.8441,1.8441,214546,2317007.1,-0.0501,-2.6436,10.7996,1.0727,213600000,N/A,537417600,20000000,0,50320000,27.2445,6.0801,1.3472,28.6227,
002015.SZ,霞客环保,2004-12-30,1.8441,1.8303,1.8613,1.8147,1.8475,124007,1319147,0.0035,0.1873,10.6377,0.62,214000000,N/A,538424000,20000000,0,50320000,27.2955,6.0914,1.3497,28.6763,
002015.SZ,霞客环保,2004-12-31,1.8475,1.8475,1.8717,1.8268,1.8406,76856,819276.6,-0.0069,-0.3738,10.6599,0.3843,213200000,N/A,536411200,20000000,0,50320000,27.1934,6.0687,1.3447,28.5691,
002015.SZ,霞客环保,2005-01-04,1.8406,1.7974,1.8389,1.7974,1.8233,75468,798561.5,-0.0173,-0.9381,10.5815,0.3773,211200000,N/A,531379200,20000000,0,50320000,23.2859,2.2714,1.3037,4.6882,
002015.SZ,霞客环保,2005-01-05,1.8233,1.813,1.8734,1.813,1.8562,102615,1101407.9,0.0328,1.7992,10.7334,0.5131,215000000,N/A,540940000,20000000,0,50320000,23.7049,2.3123,1.3272,4.7726,
002015.SZ,霞客环保,2005-01-06,1.8562,1.8562,1.8631,1.8354,1.8562,58813,629742.1,0,0,10.7075,0.2941,215000000,N/A,540940000,20000000,0,50320000,23.7049,2.3123,1.3272,4.7726,
002015.SZ,霞客环保,2005-01-07,1.8562,1.832,1.8907,1.8303,1.8562,102870,1112727.2,0,0,10.8168,0.5143,215000000,N/A,540940000,20000000,0,50320000,23.7049,2.3123,1.3272,4.7726,
002015.SZ,霞客环保,2005-01-10,1.8562,1.8423,1.8821,1.8389,1.8821,85960,928892.9,0.0259,1.3953,10.8061,0.4298,218000000,N/A,548488000,20000000,0,50320000,24.0356,2.3446,1.3457,4.8392,
002015.SZ,霞客环保,2005-01-11,1.8821,1.8734,1.889,1.8579,1.87,98546,1069196,-0.0121,-0.6422,10.8497,0.4927,216600000,N/A,544965600,20000000,0,50320000,23.8813,2.3295,1.3371,4.8081,
002015.SZ,霞客环保,2005-01-12,1.87,1.8665,1.8665,1.8285,1.8458,127561,1357552.8,-0.0242,-1.2927,10.6424,0.6378,213800000,N/A,537920800,20000000,0,50320000,23.5726,2.2994,1.3198,4.746,
002015.SZ,霞客环保,2005-01-13,1.8458,1.8372,1.8458,1.7854,1.7923,464585,4858817.2,-0.0535,-2.8999,10.4584,2.3229,207600000,N/A,522321600,20000000,0,50320000,22.889,2.2327,1.2815,4.6083,
002015.SZ,霞客环保,2005-01-14,1.7923,1.813,1.813,1.7456,1.7577,380584,3908032.3,-0.0345,-1.9268,10.2685,1.9029,203600000,N/A,512257600,20000000,0,50320000,22.448,2.1897,1.2568,4.5195,
002015.SZ,霞客环保,2005-01-17,1.7577,1.7267,1.7267,1.6403,1.7249,310452,3075594.3,-0.0328,-1.8664,9.9068,1.5523,199800000,N/A,502696800,20000000,0,50320000,22.029,2.1488,1.2334,4.4352,
002015.SZ,霞客环保,2005-01-18,1.7249,1.7094,1.7405,1.7008,1.7353,116790,1163778.4,0.0104,0.6006,9.9647,0.584,201000000,N/A,505716000,20000000,0,50320000,22.1613,2.1617,1.2408,4.4618,
002015.SZ,霞客环保,2005-01-19,1.7353,1.7353,1.7387,1.6749,1.6835,186314,1833725.5,-0.0518,-2.9851,9.8421,0.9316,195000000,N/A,490620000,20000000,0,50320000,21.4998,2.0972,1.2037,4.3286,
002015.SZ,霞客环保,2005-01-20,1.6835,1.6576,1.6679,1.6179,1.6351,245820,2336952.1,-0.0483,-2.8718,9.5068,1.2291,189400000,N/A,476530400,20000000,0,50320000,20.8823,2.037,1.1692,4.2043,
002015.SZ,霞客环保,2005-01-21,1.6351,1.6403,1.7111,1.5989,1.7059,275999,2659447.2,0.0708,4.3295,9.6357,1.38,197600000,N/A,497161600,20000000,0,50320000,21.7864,2.1252,1.2198,4.3863,
002015.SZ,霞客环保,2005-01-24,1.7059,1.7491,1.7733,1.7197,1.7474,594096,6004434.3,0.0414,2.4291,10.1068,2.9705,202400000,N/A,509238400,20000000,0,50320000,22.3157,2.1768,1.2494,4.4929,
002015.SZ,霞客环保,2005-01-25,1.7474,1.6921,1.7094,1.6455,1.6679,613780,5946342,-0.0794,-4.5455,9.6881,3.0689,193200000,N/A,486091200,20000000,0,50320000,21.3013,2.0778,1.1926,4.2887,
002015.SZ,霞客环保,2005-01-26,1.6679,1.6749,1.6818,1.6593,1.6662,163369,1577441.4,-0.0017,-0.1035,9.6557,0.8168,193000000,N/A,485588000,20000000,0,50320000,21.2793,2.0757,1.1914,4.2842,
002015.SZ,霞客环保,2005-01-27,1.6662,1.649,1.6645,1.6317,1.6334,125790,1198239.5,-0.0328,-1.9689,9.5257,0.629,189200000,N/A,476027200,20000000,0,50320000,20.8603,2.0348,1.1679,4.1999,
002015.SZ,霞客环保,2005-01-28,1.6334,1.6282,1.649,1.6041,1.611,114501,1075770.4,-0.0224,-1.3742,9.3953,0.5725,186600000,N/A,469485600,20000000,0,50320000,20.5736,2.0069,1.1519,4.1422,
002015.SZ,霞客环保,2005-01-31,1.611,1.5989,1.5989,1.5661,1.5695,122040,1116789.7,-0.0414,-2.5723,9.151,0.6102,181800000,N/A,457408800,20000000,0,50320000,20.0444,1.9552,1.1222,4.0356,
002015.SZ,霞客环保,2005-02-01,1.5695,1.5454,1.6058,1.5454,1.5678,207148,1896921.5,-0.0017,-0.11,9.1573,1.0357,181600000,N/A,456905600,20000000,0,50320000,20.0224,1.9531,1.121,4.0312,
002015.SZ,霞客环保,2005-02-02,1.5678,1.5574,1.6904,1.554,1.6679,380499,3607010,0.1001,6.3877,9.4797,1.9025,193200000,N/A,486091200,20000000,0,50320000,21.3013,2.0778,1.1926,4.2887,
002015.SZ,霞客环保,2005-02-03,1.6679,1.6835,1.6835,1.6248,1.6265,271289,2604273.2,-0.0414,-2.4845,9.5996,1.3564,188400000,N/A,474014400,20000000,0,50320000,20.7721,2.0262,1.163,4.1821,
002015.SZ,霞客环保,2005-02-04,1.6265,1.6317,1.6887,1.6265,1.6714,251653,2431681.2,0.0449,2.7601,9.6628,1.2583,193600000,N/A,487097600,20000000,0,50320000,21.3454,2.0821,1.1951,4.2976,
002015.SZ,霞客环保,2005-02-16,1.6714,1.6783,1.6921,1.6403,1.6438,351761,3400571.5,-0.0276,-1.6529,9.6673,1.7588,190400000,N/A,479046400,20000000,0,50320000,20.9926,2.0477,1.1753,4.2265,
002015.SZ,霞客环保,2005-02-17,1.6438,1.649,1.6576,1.6075,1.6403,353231,3327369.2,-0.0035,-0.2101,9.4198,1.7662,190000000,N/A,478040000,20000000,0,50320000,20.9485,2.0434,1.1729,4.2176,
002015.SZ,霞客环保,2005-02-18,1.6403,1.6351,1.6697,1.6317,1.649,182591,1746470.9,0.0086,0.5263,9.5649,0.913,191000000,N/A,480556000,20000000,0,50320000,21.0588,2.0542,1.179,4.2398,
002015.SZ,霞客环保,2005-02-21,1.649,1.6334,1.6904,1.6334,1.6766,193009,1861388.5,0.0276,1.6754,9.6441,0.965,194200000,N/A,488607200,20000000,0,50320000,21.4116,2.0886,1.1988,4.3109,
002015.SZ,霞客环保,2005-02-22,1.6766,1.6766,1.7923,1.6749,1.775,935865,9484030,0.0984,5.8702,10.134,4.6793,205600000,N/A,517289600,20000000,0,50320000,22.6685,2.2112,1.2692,4.5639,
002015.SZ,霞客环保,2005-02-23,1.775,1.7802,1.8492,1.7612,1.813,1117362,11751771.9,0.038,2.1401,10.5174,5.5868,210000000,N/A,528360000,20000000,0,50320000,23.1536,2.2585,1.2963,4.6616,
002015.SZ,霞客环保,2005-02-24,1.813,1.813,1.813,1.7629,1.7836,693400,7155331.7,-0.0294,-1.619,10.3192,3.467,206600000,N/A,519805600,20000000,0,50320000,22.7787,2.222,1.2753,4.5861,
002015.SZ,霞客环保,2005-02-25,1.7836,1.7854,1.8389,1.7854,1.7957,725978,7649728.4,0.0121,0.6776,10.5371,3.6299,208000000,N/A,523328000,20000000,0,50320000,22.9331,2.237,1.284,4.6172,
002015.SZ,霞客环保,2005-02-28,1.7957,1.7957,1.8354,1.7888,1.8164,459126,4834324.4,0.0207,1.1538,10.5294,2.2956,210400000,N/A,529366400,20000000,0,50320000,23.1977,2.2628,1.2988,4.6705,
002015.SZ,霞客环保,2005-03-01,1.8164,1.8216,1.8233,1.7785,1.7871,250070,2593553.3,-0.0294,-1.616,10.3713,1.2503,207000000,N/A,520812000,20000000,0,50320000,22.8228,2.2263,1.2778,4.595,
002015.SZ,霞客环保,2005-03-02,1.7871,1.7871,1.8113,1.7543,1.756,370323,3807220.3,-0.0311,-1.7391,10.2808,1.8516,203400000,N/A,511754400,20000000,0,50320000,22.4259,2.1875,1.2556,4.5151,
002015.SZ,霞客环保,2005-03-03,1.756,1.7543,1.7767,1.7474,1.7767,211256,2153886.3,0.0207,1.1799,10.1956,1.0563,205800000,N/A,517792800,20000000,0,50320000,22.6905,2.2134,1.2704,4.5684,
002015.SZ,霞客环保,2005-03-04,1.7767,1.7785,1.7854,1.7439,1.7456,279826,2859334.8,-0.0311,-1.7493,10.2183,1.3991,202200000,N/A,508735200,20000000,0,50320000,22.2936,2.1746,1.2482,4.4885,
002015.SZ,霞客环保,2005-03-07,1.7456,1.7456,1.756,1.7215,1.7422,302400,3035767.7,-0.0035,-0.1978,10.0389,1.512,201800000,N/A,507728800,20000000,0,50320000,22.2495,2.1703,1.2457,4.4796,
002015.SZ,霞客环保,2005-03-08,1.7422,1.7456,1.8026,1.7456,1.8009,479824,4955639.7,0.0587,3.3697,10.328,2.3991,208600000,N/A,524837600,20000000,0,50320000,22.9992,2.2435,1.2877,4.6305,
002015.SZ,霞客环保,2005-03-09,1.8009,1.7923,1.8337,1.7923,1.8216,508483,5350651.3,0.0207,1.1505,10.5228,2.5424,211000000,N/A,530876000,20000000,0,50320000,23.2639,2.2693,1.3025,4.6838,
002015.SZ,霞客环保,2005-03-10,1.8216,1.8147,1.8303,1.7422,1.7612,394825,4099194.1,-0.0604,-3.3175,10.3823,1.9741,204000000,N/A,513264000,20000000,0,50320000,22.4921,2.194,1.2593,4.5284,
002015.SZ,霞客环保,2005-03-11,1.7612,1.7629,1.794,1.7474,1.7905,313865,3221026.4,0.0294,1.6667,10.2625,1.5693,207400000,N/A,521818400,20000000,0,50320000,22.8669,2.2306,1.2803,4.6039,
002015.SZ,霞客环保,2005-03-14,1.7905,1.794,1.8233,1.7491,1.8164,617139,6389956.4,0.0259,1.4465,10.3542,3.0857,210400000,N/A,529366400,20000000,0,50320000,23.1977,2.2628,1.2988,4.6705,
002015.SZ,霞客环保,2005-03-15,1.8164,1.8147,1.8734,1.8147,1.8216,996616,10640383.7,0.0052,0.2852,10.6765,4.9831,211000000,N/A,530876000,20000000,0,50320000,23.2639,2.2693,1.3025,4.6838,
002015.SZ,霞客环保,2005-03-16,1.8216,1.8061,1.8182,1.7629,1.7733,360430,3735018.6,-0.0483,-2.654,10.3627,1.8021,205400000,N/A,516786400,20000000,0,50320000,22.6464,2.2091,1.2679,4.5595,
002015.SZ,霞客环保,2005-03-17,1.7733,1.7664,1.7767,1.7336,1.737,205500,2086106.9,-0.0363,-2.0448,10.1514,1.0275,201200000,N/A,506219200,20000000,0,50320000,22.1834,2.1639,1.242,4.4663,
002015.SZ,霞客环保,2005-03-18,1.737,1.7284,1.7543,1.7094,1.718,256749,2567561.9,-0.019,-1.0934,10.0003,1.2837,199000000,N/A,500684000,20000000,0,50320000,21.9408,2.1402,1.2284,4.4174,
002015.SZ,霞客环保,2005-03-21,1.718,1.7128,1.775,1.7094,1.7646,250228,2531305.8,0.0466,2.7136,10.116,1.2511,204400000,N/A,514270400,20000000,0,50320000,22.5362,2.1983,1.2618,4.5373,
002015.SZ,霞客环保,2005-03-22,1.7646,1.7646,1.7715,1.7146,1.7197,323139,3251997,-0.0449,-2.544,10.0638,1.6157,199200000,N/A,501187200,20000000,0,50320000,21.9628,2.1424,1.2297,4.4219,
002015.SZ,霞客环保,2005-03-23,1.7197,1.7353,1.8354,1.7232,1.794,964985,10022835,0.0742,4.3173,10.3865,4.8249,207800000,N/A,522824800,20000000,0,50320000,22.911,2.2349,1.2827,4.6128,
002015.SZ,霞客环保,2005-03-24,1.794,1.794,1.8734,1.7802,1.8717,1593028,16996086.5,0.0777,4.3311,10.669,7.9651,216800000,N/A,545468800,20000000,0,50320000,23.9033,2.3317,1.3383,4.8125,
002015.SZ,霞客环保,2005-03-25,1.8717,1.8631,1.8872,1.8354,1.8441,979376,10525222.3,-0.0276,-1.476,10.7469,4.8969,213600000,N/A,537417600,20000000,0,50320000,23.5505,2.2972,1.3185,4.7415,
002015.SZ,霞客环保,2005-03-28,1.8441,1.8423,1.8769,1.794,1.8734,574521,6087607.9,0.0294,1.5918,10.596,2.8726,217000000,N/A,545972000,20000000,0,50320000,23.9254,2.3338,1.3395,4.817,
002015.SZ,霞客环保,2005-03-29,1.8734,1.8648,1.8907,1.7646,1.7698,888609,9376270.9,-0.1036,-5.53,10.5516,4.443,205000000,N/A,515780000,20000000,0,50320000,22.6023,2.2048,1.2655,4.5506,
002015.SZ,霞客环保,2005-03-30,1.7698,1.7577,1.7577,1.6231,1.6334,832900,8097551.3,-0.1364,-7.7073,9.7221,4.1645,189200000,N/A,476027200,20000000,0,50320000,20.8603,2.0348,1.1679,4.1999,
002015.SZ,霞客环保,2005-03-31,1.6334,1.6058,1.649,1.6058,1.6438,326549,3087018,0.0104,0.6342,9.4535,1.6327,190400000,N/A,479046400,20000000,0,50320000,20.9926,2.0477,1.1753,4.2265,
002015.SZ,霞客环保,2005-04-01,1.6438,1.6403,1.7232,1.5799,1.7008,829524,7926335.1,0.057,3.4664,9.5553,4.1476,197000000,N/A,495652000,20000000,0,50320000,21.7203,2.1187,1.2161,4.373,
002015.SZ,霞客环保,2005-04-04,1.7008,1.6662,1.6904,1.6403,1.649,381706,3657540.5,-0.0518,-3.0457,9.5821,1.9085,191000000,N/A,480556000,20000000,0,50320000,21.0588,2.0542,1.179,4.2398,
002015.SZ,霞客环保,2005-04-05,1.649,1.6161,1.6835,1.6161,1.6403,146100,1401232,-0.0086,-0.5236,9.5909,0.7305,190000000,N/A,478040000,20000000,0,50320000,20.9485,2.0434,1.1729,4.2176,
002015.SZ,霞客环保,2005-04-06,1.6403,1.6714,1.7059,1.6231,1.6921,411242,3983383.9,0.0518,3.1579,9.6862,2.0562,196000000,N/A,493136000,20000000,0,50320000,21.61,2.108,1.2099,4.3508,
002015.SZ,霞客环保,2005-04-07,1.6921,1.6956,1.7526,1.6783,1.7059,661677,6615986.5,0.0138,0.8163,9.9988,3.3084,197600000,N/A,497161600,20000000,0,50320000,21.7864,2.1252,1.2198,4.3863,
002015.SZ,霞客环保,2005-04-08,1.7059,1.7059,1.7577,1.6938,1.7526,393065,3936397.4,0.0466,2.7328,10.0146,1.9653,203000000,N/A,510748000,20000000,0,50320000,22.3818,2.1832,1.2531,4.5062,
002015.SZ,霞客环保,2005-04-11,1.7526,1.7474,1.7767,1.7353,1.7526,376102,3810525.3,0,0,10.1316,1.8805,203000000,N/A,510748000,20000000,0,50320000,22.3818,2.1832,1.2531,4.5062,
002015.SZ,霞客环保,2005-04-12,1.7526,1.737,1.7526,1.6921,1.6921,247050,2454973.5,-0.0604,-3.4483,9.9372,1.2352,196000000,N/A,493136000,20000000,0,50320000,21.61,2.108,1.2099,4.3508,
002015.SZ,霞客环保,2005-04-13,1.6921,1.7249,1.7664,1.7094,1.7353,335599,3375673.4,0.0432,2.551,10.0587,1.678,201000000,N/A,505716000,20000000,0,50320000,22.1613,2.1617,1.2408,4.4618,
002015.SZ,霞客环保,2005-04-14,1.7353,1.7508,1.8044,1.7301,1.7698,877981,8996649.3,0.0345,1.99,10.247,4.3899,205000000,N/A,515780000,20000000,0,50320000,22.6023,2.2048,1.2655,4.5506,
002015.SZ,霞客环保,2005-04-15,1.7698,1.7681,1.7905,1.737,1.7439,526553,5390105.4,-0.0259,-1.4634,10.2366,2.6328,202000000,N/A,508232000,20000000,0,50320000,22.2716,2.1725,1.2469,4.484,
002015.SZ,霞客环保,2005-04-18,1.7439,1.7439,1.7439,1.6766,1.6956,384653,3775919.6,-0.0483,-2.7723,9.8164,1.9233,196400000,N/A,494142400,20000000,0,50320000,21.6541,2.1123,1.2124,4.3597,
002015.SZ,霞客环保,2005-04-19,1.6956,1.718,1.718,1.68,1.699,283938,2801255.8,0.0035,0.2037,9.8657,1.4197,196800000,N/A,495148800,20000000,0,50320000,21.6982,2.1166,1.2148,4.3686,
002015.SZ,霞客环保,2005-04-20,1.699,1.554,1.6058,1.5298,1.5298,1156479,10452538.9,-0.1692,-9.9593,9.0382,5.7824,177200000,N/A,445835200,20000000,0,50320000,19.5372,1.9058,1.0938,3.9335,
002015.SZ,霞客环保,2005-04-21,1.5298,1.5281,1.6403,1.5246,1.5505,490526,4429716,0.0207,1.3544,9.0305,2.4526,179600000,N/A,451873600,20000000,0,50320000,19.8018,1.9316,1.1087,3.9868,
002015.SZ,霞客环保,2005-04-22,1.5505,1.5505,1.5695,1.4297,1.459,660935,5615199.1,-0.0915,-5.902,8.4958,3.3047,169000000,N/A,425204000,20000000,0,50320000,18.6331,1.8176,1.0432,3.7515,
002015.SZ,霞客环保,2005-04-25,1.459,1.4331,1.4504,1.3882,1.4141,458923,3746480.3,-0.0449,-3.0769,8.1636,2.2946,163800000,N/A,412120800,20000000,0,50320000,18.0598,1.7617,1.0111,3.636,
002015.SZ,霞客环保,2005-04-26,1.4141,1.4141,1.4573,1.3986,1.4366,304711,2526600.5,0.0224,1.5873,8.2918,1.5236,166400000,N/A,418662400,20000000,0,50320000,18.3465,1.7896,1.0272,3.6938,
002015.SZ,霞客环保,2005-04-27,1.4366,1.4366,1.4469,1.3606,1.3606,519936,4185507.1,-0.076,-5.2885,8.05,2.5997,157600000,N/A,396521600,20000000,0,50320000,17.3762,1.695,0.9729,3.4984,
002015.SZ,霞客环保,2005-04-28,1.3606,1.4176,1.4815,1.3951,1.4711,760201,6346515.2,0.1105,8.1218,8.3485,3.801,170400000,N/A,428726400,20000000,0,50320000,18.7875,1.8326,1.0519,3.7826,
002015.SZ,霞客环保,2005-04-29,1.4711,1.4642,1.4711,1.4418,1.4469,358906,3018190.5,-0.0242,-1.6432,8.4094,1.7945,167600000,N/A,421681600,20000000,0,50320000,18.4788,1.8025,1.0346,3.7204,
002015.SZ,霞客环保,2005-05-09,1.4469,1.4469,1.4642,1.3606,1.383,235457,1905896.3,-0.0639,-4.4153,8.0945,1.1773,160200000,N/A,403063200,20000000,0,50320000,17.6629,1.7229,0.9889,3.5561,
002015.SZ,霞客环保,2005-05-10,1.383,1.383,1.39,1.3399,1.3882,244912,1937915.1,0.0052,0.3745,7.9127,1.2246,160800000,N/A,404572800,20000000,0,50320000,17.729,1.7294,0.9926,3.5695,
002015.SZ,霞客环保,2005-05-11,1.3882,1.3813,1.3986,1.3606,1.3641,189525,1512400.5,-0.0242,-1.7413,7.98,0.9476,158000000,N/A,397528000,20000000,0,50320000,17.4203,1.6993,0.9753,3.5073,
002015.SZ,霞客环保,2005-05-12,1.3641,1.3675,1.4089,1.3641,1.39,253797,2041223.2,0.0259,1.8987,8.0427,1.269,161000000,N/A,405076000,20000000,0,50320000,17.7511,1.7315,0.9938,3.5739,
002015.SZ,霞客环保,2005-05-13,1.39,1.39,1.4245,1.383,1.4089,202014,1644916.7,0.019,1.3665,8.1426,1.0101,163200000,N/A,410611200,20000000,0,50320000,17.9937,1.7552,1.0074,3.6227,
002015.SZ,霞客环保,2005-05-16,1.4089,1.4072,1.4072,1.3641,1.3779,160080,1281602.2,-0.0311,-2.2059,8.006,0.8004,159600000,N/A,401553600,20000000,0,50320000,17.5967,1.7165,0.9852,3.5428,
002015.SZ,霞客环保,2005-05-17,1.3779,1.3606,1.4228,1.3606,1.4141,260156,2111870.1,0.0363,2.6316,8.1177,1.3008,163800000,N/A,412120800,20000000,0,50320000,18.0598,1.7617,1.0111,3.636,
002015.SZ,霞客环保,2005-05-18,1.4141,1.4159,1.4331,1.3986,1.4228,152272,1245421.9,0.0086,0.6105,8.1789,0.7614,164800000,N/A,414636800,20000000,0,50320000,18.1701,1.7724,1.0173,3.6582,
002015.SZ,霞客环保,2005-05-19,1.4228,1.402,1.4314,1.3951,1.4262,235929,1934257.9,0.0035,0.2427,8.1985,1.1796,165200000,N/A,415643200,20000000,0,50320000,18.2142,1.7767,1.0198,3.6671,
002015.SZ,霞客环保,2005-05-20,1.4262,1.4228,1.4245,1.3986,1.4072,222812,1814388.2,-0.019,-1.3317,8.1431,1.1141,163000000,N/A,410108000,20000000,0,50320000,17.9716,1.753,1.0062,3.6183,
002015.SZ,霞客环保,2005-05-23,1.4072,1.4072,1.4072,1.4072,1.4072,N/A,N/A,0,0,N/A,N/A,163000000,N/A,410108000,20000000,0,50320000,17.9716,1.753,1.0062,3.6183,
002015.SZ,霞客环保,2005-05-24,1.4072,1.2984,1.3554,1.2674,1.3382,724907,5485777.4,-0.0691,-4.908,7.5676,3.6245,155000000,N/A,389980000,20000000,0,50320000,17.0896,1.667,0.9568,3.4407,
002015.SZ,霞客环保,2005-05-25,1.3382,1.3123,1.3433,1.3088,1.314,402073,3082649.8,-0.0242,-1.8065,7.6669,2.0104,152200000,N/A,382935200,20000000,0,50320000,16.7808,1.6369,0.9395,3.3786,
002015.SZ,霞客环保,2005-05-26,1.314,1.3226,1.333,1.3053,1.3192,226000,1722107.3,0.0052,0.3942,7.6199,1.13,152800000,N/A,384444800,20000000,0,50320000,16.847,1.6433,0.9432,3.3919,
002015.SZ,霞客环保,2005-05-27,1.3192,1.3209,1.3295,1.2743,1.2864,190520,1434621.1,-0.0328,-2.4869,7.53,0.9526,149000000,N/A,374884000,20000000,0,50320000,16.428,1.6025,0.9198,3.3075,
002015.SZ,霞客环保,2005-05-30,1.2864,1.2743,1.3036,1.2674,1.295,183400,1365579.5,0.0086,0.6711,7.4459,0.917,150000000,N/A,377400000,20000000,0,50320000,16.5383,1.6132,0.9259,3.3297,
002015.SZ,霞客环保,2005-05-31,1.295,1.3123,1.3295,1.2967,1.3105,212042,1615545.6,0.0155,1.2,7.619,1.0602,151800000,N/A,381928800,20000000,0,50320000,16.7367,1.6326,0.9371,3.3697,
002015.SZ,霞客环保,2005-06-01,1.3105,1.2656,1.2984,1.2605,1.2743,221385,1629706.5,-0.0363,-2.7668,7.3614,1.1069,147600000,N/A,371361600,20000000,0,50320000,16.2737,1.5874,0.9111,3.2764,
002015.SZ,霞客环保,2005-06-02,1.2743,1.2622,1.276,1.2432,1.2656,214519,1562393.9,-0.0086,-0.6775,7.2832,1.0726,146600000,N/A,368845600,20000000,0,50320000,16.1634,1.5767,0.905,3.2542,
002015.SZ,霞客环保,2005-06-03,1.2656,1.2656,1.2777,1.2535,1.2674,178796,1313460.2,0.0017,0.1364,7.3461,0.894,146800000,N/A,369348800,20000000,0,50320000,16.1855,1.5788,0.9062,3.2587,
002015.SZ,霞客环保,2005-06-06,1.2674,1.2674,1.3071,1.2466,1.2984,223009,1655726,0.0311,2.4523,7.4245,1.115,150400000,N/A,378406400,20000000,0,50320000,16.5824,1.6175,0.9284,3.3386,
002015.SZ,霞客环保,2005-06-07,1.2984,1.2881,1.3226,1.2864,1.2898,354420,2679055.5,-0.0086,-0.6649,7.559,1.7721,149400000,N/A,375890400,20000000,0,50320000,16.4721,1.6068,0.9222,3.3164,
002015.SZ,霞客环保,2005-06-08,1.2898,1.3123,1.4176,1.3123,1.4107,1069806,8506200.4,0.1209,9.3708,7.9512,5.349,163400000,N/A,411114400,20000000,0,50320000,18.0157,1.7573,1.0087,3.6272,
002015.SZ,霞客环保,2005-06-09,1.4107,1.3986,1.4815,1.3744,1.4435,1121895,9349756.1,0.0328,2.3256,8.3339,5.6095,167200000,N/A,420675200,20000000,0,50320000,18.4347,1.7982,1.0321,3.7115,
002015.SZ,霞客环保,2005-06-10,1.4435,1.4538,1.459,1.3761,1.3796,598123,4857969.8,-0.0639,-4.4258,8.122,2.9906,159800000,N/A,402056800,20000000,0,50320000,17.6188,1.7186,0.9864,3.5473,
002015.SZ,霞客环保,2005-06-13,1.3796,1.4124,1.44,1.3865,1.3917,473103,3864672.1,0.0121,0.8761,8.1688,2.3655,161200000,N/A,405579200,20000000,0,50320000,17.7731,1.7337,0.9951,3.5783,
002015.SZ,霞客环保,2005-06-14,1.3917,1.3986,1.4193,1.3606,1.3641,329044,2654266.5,-0.0276,-1.9851,8.0666,1.6452,158000000,N/A,397528000,20000000,0,50320000,17.4203,1.6993,0.9753,3.5073,
002015.SZ,霞客环保,2005-06-15,1.3641,1.3727,1.3986,1.3468,1.3779,381350,3028795.2,0.0138,1.0127,7.9423,1.9068,159600000,N/A,401553600,20000000,0,50320000,17.5967,1.7165,0.9852,3.5428,
002015.SZ,霞客环保,2005-06-16,1.3779,1.39,1.4418,1.3641,1.44,839074,6883729.3,0.0622,4.5113,8.204,4.1954,166800000,N/A,419668800,20000000,0,50320000,18.3906,1.7939,1.0296,3.7026,
002015.SZ,霞客环保,2005-06-17,1.44,1.4573,1.4607,1.4038,1.4124,647797,5351961.1,-0.0276,-1.9185,8.2618,3.239,163600000,N/A,411617600,20000000,0,50320000,18.0378,1.7595,1.0099,3.6316,
002015.SZ,霞客环保,2005-06-20,1.4124,1.4383,1.5384,1.4159,1.5367,1488848,12837033.2,0.1243,8.802,8.6221,7.4442,178000000,N/A,447848000,20000000,0,50320000,19.6254,1.9144,1.0988,3.9513,
002015.SZ,霞客环保,2005-06-21,1.5367,1.535,1.5856,1.5018,1.5542,1267350,11186386.5,0.0175,1.1364,8.8266,6.3367,178000000,N/A,447848000,20000000,0,50320000,19.6254,1.9144,1.0988,3.9513,
002015.SZ,霞客环保,2005-06-22,1.5542,1.5193,1.6205,1.5193,1.5821,1456290,13126608,0.0279,1.7978,9.0137,7.2815,181200000,N/A,455899200,20000000,0,50320000,19.9783,1.9488,1.1185,4.0223,
002015.SZ,霞客环保,2005-06-23,1.5821,1.5716,1.6031,1.4966,1.507,1094081,9679260.3,-0.0751,-4.7461,8.8469,5.4704,172600000,N/A,434261600,20000000,0,50320000,19.0301,1.8563,1.0655,3.8314,
002015.SZ,霞客环保,2005-06-24,1.507,1.507,1.624,1.507,1.5716,1455352,13143739.1,0.0646,4.2874,9.0313,7.2768,180000000,N/A,452880000,20000000,0,50320000,19.8459,1.9359,1.1111,3.9957,
002015.SZ,霞客环保,2005-06-27,1.5716,1.6205,1.7236,1.5926,1.6939,2217068,21272740.3,0.1222,7.7778,9.595,11.0853,194000000,N/A,488104000,20000000,0,50320000,21.3895,2.0864,1.1976,4.3064,
002015.SZ,霞客环保,2005-06-28,1.6939,1.6607,1.6764,1.624,1.638,953772,8992309.9,-0.0559,-3.299,9.4282,4.7689,187600000,N/A,472001600,20000000,0,50320000,20.6839,2.0176,1.158,4.1644,
002015.SZ,霞客环保,2005-06-29,1.638,1.6415,1.6747,1.5978,1.6083,972193,9086916.9,-0.0297,-1.8124,9.3468,4.861,184200000,N/A,463447200,20000000,0,50320000,20.309,1.9811,1.1371,4.0889,
002015.SZ,霞客环保,2005-06-30,1.6083,1.6066,1.617,1.5332,1.535,1006219,9055926.6,-0.0733,-4.5603,9,5.0311,175800000,N/A,442312800,20000000,0,50320000,19.3829,1.8907,1.0852,3.9024,
002015.SZ,霞客环保,2005-07-01,1.535,1.5437,1.5437,1.4319,1.4529,1270526,10781941.2,-0.0821,-5.347,8.4862,6.3526,166400000,N/A,418662400,20000000,0,50320000,18.3465,1.7896,1.0272,3.6938,
002015.SZ,霞客环保,2005-07-04,1.4529,1.4319,1.5105,1.4285,1.4983,766871,6514192.2,0.0454,3.125,8.4945,3.8344,171600000,N/A,431745600,20000000,0,50320000,18.9198,1.8455,1.0593,3.8092,
002015.SZ,霞客环保,2005-07-05,1.4983,1.4843,1.5297,1.4669,1.4948,649887,5600414.7,-0.0035,-0.2331,8.6175,3.2494,171200000,N/A,430739200,20000000,0,50320000,18.8757,1.8412,1.0568,3.8003,
002015.SZ,霞客环保,2005-07-06,1.4948,1.5158,1.5193,1.4529,1.4704,363517,3093634.2,-0.0244,-1.6355,8.5103,1.8176,168400000,N/A,423694400,20000000,0,50320000,18.567,1.8111,1.0395,3.7382,
002015.SZ,霞客环保,2005-07-07,1.4704,1.4669,1.4913,1.4616,1.4704,197300,1665312,0,0,8.4405,0.9865,168400000,N/A,423694400,20000000,0,50320000,18.567,1.8111,1.0395,3.7382,
002015.SZ,霞客环保,2005-07-08,1.4704,1.4651,1.4651,1.3778,1.3953,377858,3074734.8,-0.0751,-5.1069,8.1373,1.8893,159800000,N/A,402056800,20000000,0,50320000,17.6188,1.7186,0.9864,3.5473,
002015.SZ,霞客环保,2005-07-11,1.3953,1.4651,1.4651,1.397,1.404,423466,3495357.3,0.0087,0.6258,8.2542,2.1173,160800000,N/A,404572800,20000000,0,50320000,17.729,1.7294,0.9926,3.5695,
002015.SZ,霞客环保,2005-07-12,1.404,1.3935,1.5088,1.3935,1.4948,519186,4351530.6,0.0908,6.4677,8.3814,2.5959,171200000,N/A,430739200,20000000,0,50320000,18.8757,1.8412,1.0568,3.8003,
002015.SZ,霞客环保,2005-07-13,1.4948,1.4704,1.5105,1.4651,1.4756,403695,3433330.2,-0.0192,-1.285,8.5048,2.0185,169000000,N/A,425204000,20000000,0,50320000,18.6331,1.8176,1.0432,3.7515,
002015.SZ,霞客环保,2005-07-14,1.4756,1.4791,1.5472,1.4791,1.5193,984419,8576356.3,0.0437,2.9586,8.7121,4.9221,174000000,N/A,437784000,20000000,0,50320000,19.1844,1.8714,1.0741,3.8625,
002015.SZ,霞客环保,2005-07-15,1.5193,1.5193,1.5455,1.4512,1.4826,572457,4930866.7,-0.0367,-2.4138,8.6135,2.8623,169800000,N/A,427216800,20000000,0,50320000,18.7213,1.8262,1.0482,3.7692,
002015.SZ,霞客环保,2005-07-18,1.4826,1.4669,1.4983,1.4599,1.4861,467297,3951666.8,0.0035,0.2356,8.4564,2.3365,170200000,N/A,428223200,20000000,0,50320000,18.7654,1.8305,1.0506,3.7781,
002015.SZ,霞客环保,2005-07-19,1.4861,1.4808,1.5018,1.4494,1.4808,539640,4543021.9,-0.0052,-0.3525,8.4186,2.6982,169600000,N/A,426713600,20000000,0,50320000,18.6993,1.824,1.0469,3.7648,
002015.SZ,霞客环保,2005-07-20,1.4808,1.4843,1.4966,1.4634,1.4721,368031,3119220.4,-0.0087,-0.5896,8.4754,1.8402,168600000,N/A,424197600,20000000,0,50320000,18.589,1.8133,1.0408,3.7426,
002015.SZ,霞客环保,2005-07-21,1.4721,1.4756,1.4808,1.418,1.4337,451739,3725456.4,-0.0384,-2.6097,8.2469,2.2587,164200000,N/A,413127200,20000000,0,50320000,18.1039,1.766,1.0136,3.6449,
002015.SZ,霞客环保,2005-07-22,1.4337,1.4372,1.4546,1.3132,1.3848,1309292,10307320,-0.0489,-3.4105,7.8724,6.5465,158600000,N/A,399037600,20000000,0,50320000,17.4865,1.7057,0.979,3.5206,
002015.SZ,霞客环保,2005-07-25,1.3848,1.3656,1.3761,1.3237,1.3342,701417,5392448.9,-0.0506,-3.657,7.6879,3.5071,152800000,N/A,384444800,20000000,0,50320000,16.847,1.6433,0.9432,3.3919,
002015.SZ,霞客环保,2005-07-26,1.3342,1.3272,1.3813,1.3254,1.3656,621994,4862763.2,0.0314,2.356,7.818,3.11,156400000,N/A,393502400,20000000,0,50320000,17.2439,1.6821,0.9655,3.4718,
002015.SZ,霞客环保,2005-07-27,1.3656,1.3621,1.418,1.3586,1.4162,716470,5688516.6,0.0506,3.7084,7.9396,3.5823,162200000,N/A,408095200,20000000,0,50320000,17.8834,1.7444,1.0013,3.6005,
002015.SZ,霞客环保,2005-07-28,1.4162,1.4162,1.4599,1.4058,1.4372,887061,7295842.7,0.021,1.4797,8.2247,4.4353,164600000,N/A,414133600,20000000,0,50320000,18.148,1.7703,1.0161,3.6538,
002015.SZ,霞客环保,2005-07-29,1.4372,1.4302,1.4704,1.4285,1.4634,838400,6988029.8,0.0262,1.8226,8.335,4.192,167600000,N/A,421681600,20000000,0,50320000,18.4788,1.8025,1.0346,3.7204,
002015.SZ,霞客环保,2005-08-01,1.4634,1.4616,1.4983,1.4354,1.4966,986286,8354173.9,0.0332,2.2673,8.4703,4.9314,171400000,N/A,431242400,20000000,0,50320000,18.8977,1.8434,1.058,3.8048,
002015.SZ,霞客环保,2005-08-02,1.4966,1.5297,1.5297,1.4756,1.5088,1011592,8686349.9,0.0122,0.8168,8.5868,5.058,172800000,N/A,434764800,20000000,0,50320000,19.0521,1.8584,1.0667,3.8358,
002015.SZ,霞客环保,2005-08-03,1.5088,1.5018,1.5385,1.4966,1.507,775068,6720148.9,-0.0017,-0.1157,8.6704,3.8753,172600000,N/A,434261600,20000000,0,50320000,19.0301,1.8563,1.0655,3.8314,
002015.SZ,霞客环保,2005-08-04,1.507,1.4931,1.5402,1.4843,1.528,1298969,11267319,0.021,1.3905,8.674,6.4948,175000000,N/A,440300000,20000000,0,50320000,19.2947,1.8821,1.0803,3.8847,
002015.SZ,霞客环保,2005-08-05,1.528,1.5245,1.6223,1.5245,1.5961,2073704,18728779.7,0.0681,4.4571,9.0316,10.3685,182800000,N/A,459924800,20000000,0,50320000,20.1547,1.966,1.1284,4.0578,
002015.SZ,霞客环保,2005-08-08,1.5961,1.631,1.6677,1.6066,1.624,1784695,16753350,0.0279,1.7505,9.3872,8.9235,186000000,N/A,467976000,20000000,0,50320000,20.5075,2.0004,1.1482,4.1288,
002015.SZ,霞客环保,2005-08-09,1.624,1.6205,1.6502,1.5891,1.6345,1072700,9968328.6,0.0105,0.6452,9.2927,5.3635,187200000,N/A,470995200,20000000,0,50320000,20.6398,2.0133,1.1556,4.1555,
002015.SZ,霞客环保,2005-08-10,1.6345,1.6275,1.659,1.6031,1.6485,1082579,10081130.7,0.014,0.8547,9.3121,5.4129,188800000,N/A,475020800,20000000,0,50320000,20.8162,2.0305,1.1655,4.191,
002015.SZ,霞客环保,2005-08-11,1.6485,1.659,1.7113,1.6415,1.6764,1784400,17159599.2,0.0279,1.6949,9.6165,8.922,192000000,N/A,483072000,20000000,0,50320000,21.169,2.0649,1.1852,4.262,
002015.SZ,霞客环保,2005-08-12,1.6764,1.6764,1.7026,1.6345,1.652,1559259,14840205.2,-0.0244,-1.4583,9.5175,7.7963,189200000,N/A,476027200,20000000,0,50320000,20.8603,2.0348,1.1679,4.1999,
002015.SZ,霞客环保,2005-08-15,1.652,1.6625,1.7393,1.6415,1.7323,1977594,19324159.5,0.0803,4.8626,9.7716,9.888,198400000,N/A,499174400,20000000,0,50320000,21.8746,2.1338,1.2247,4.4041,
002015.SZ,霞客环保,2005-08-16,1.7323,1.7393,1.7585,1.6939,1.7096,1677908,16556860.9,-0.0227,-1.3105,9.8676,8.3895,195800000,N/A,492632800,20000000,0,50320000,21.588,2.1058,1.2087,4.3464,
002015.SZ,霞客环保,2005-08-17,1.7096,1.7113,1.8161,1.6659,1.7917,2170623,21633261.9,0.0821,4.8008,9.9664,10.8531,205200000,N/A,516283200,20000000,0,50320000,22.6244,2.2069,1.2667,4.555,
002015.SZ,霞客环保,2005-08-18,1.7917,1.7969,1.8004,1.6398,1.652,1812345,18082291.7,-0.1397,-7.7973,9.9773,9.0617,189200000,N/A,476027200,20000000,0,50320000,20.8603,2.0348,1.1679,4.1999,
002015.SZ,霞客环保,2005-08-19,1.652,1.6415,1.7113,1.6205,1.6869,1381934,13208300,0.0349,2.1142,9.5578,6.9097,193200000,N/A,486091200,20000000,0,50320000,21.3013,2.0778,1.1926,4.2887,
002015.SZ,霞客环保,2005-08-22,1.6869,1.6729,1.7044,1.6432,1.6939,722103,6909650.7,0.007,0.4141,9.5688,3.6105,194000000,N/A,488104000,20000000,0,50320000,21.3895,2.0864,1.1976,4.3064,
002015.SZ,霞客环保,2005-08-23,1.6939,1.6886,1.6939,1.6345,1.6694,484943,4621010.2,-0.0244,-1.4433,9.529,2.4247,191200000,N/A,481059200,20000000,0,50320000,21.0808,2.0563,1.1803,4.2443,
002015.SZ,霞客环保,2005-08-24,1.6694,1.6677,1.7113,1.659,1.6886,920240,8915427,0.0192,1.1506,9.6882,4.6012,193400000,N/A,486594400,20000000,0,50320000,21.3234,2.08,1.1939,4.2931,
002015.SZ,霞客环保,2005-08-25,1.6886,1.6886,1.7201,1.6694,1.7131,797756,7718265.4,0.0244,1.4478,9.675,3.9888,196200000,N/A,493639200,20000000,0,50320000,21.6321,2.1101,1.2111,4.3553,
002015.SZ,霞客环保,2005-08-26,1.7131,1.7218,1.7288,1.6991,1.7183,862814,8464987.8,0.0052,0.3058,9.8109,4.3141,196800000,N/A,495148800,20000000,0,50320000,21.6982,2.1166,1.2148,4.3686,
002015.SZ,霞客环保,2005-08-29,1.7183,1.7201,1.7288,1.659,1.6607,585890,5644395,-0.0576,-3.3537,9.6339,2.9295,190200000,N/A,478543200,20000000,0,50320000,20.9705,2.0456,1.1741,4.2221,
002015.SZ,霞客环保,2005-08-30,1.6607,1.6467,1.6712,1.624,1.624,391900,3689143.3,-0.0367,-2.2082,9.4135,1.9595,186000000,N/A,467976000,20000000,0,50320000,20.5075,2.0004,1.1482,4.1288,
002015.SZ,霞客环保,2005-08-31,1.624,1.6328,1.7166,1.6328,1.7061,1114876,10722162.7,0.0821,5.0538,9.6174,5.5744,195400000,N/A,491626400,20000000,0,50320000,21.5439,2.1015,1.2062,4.3375,
002015.SZ,霞客环保,2005-09-01,1.7061,1.7113,1.7288,1.6939,1.7218,811225,7969710.3,0.0157,0.9212,9.8243,4.0561,197200000,N/A,496155200,20000000,0,50320000,21.7423,2.1209,1.2173,4.3775,
002015.SZ,霞客环保,2005-09-02,1.7218,1.7218,1.7864,1.7218,1.7515,1167551,11742135.8,0.0297,1.7241,10.0571,5.8378,200600000,N/A,504709600,20000000,0,50320000,22.1172,2.1574,1.2383,4.4529,
002015.SZ,霞客环保,2005-09-05,1.7515,1.762,1.7864,1.7375,1.7637,796775,8010678.2,0.0122,0.6979,10.0539,3.9839,202000000,N/A,508232000,20000000,0,50320000,22.2716,2.1725,1.2469,4.484,
002015.SZ,霞客环保,2005-09-06,1.7637,1.7725,1.776,1.6677,1.6886,671450,6638535,-0.0751,-4.2574,9.8869,3.3572,193400000,N/A,486594400,20000000,0,50320000,21.3234,2.08,1.1939,4.2931,
002015.SZ,霞客环保,2005-09-07,1.6886,1.6852,1.762,1.6729,1.762,776568,7638371.1,0.0733,4.3433,9.8361,3.8828,201800000,N/A,507728800,20000000,0,50320000,22.2495,2.1703,1.2457,4.4796,
002015.SZ,霞客环保,2005-09-08,1.762,1.755,1.7637,1.7113,1.741,963590,9573056.8,-0.021,-1.1893,9.9348,4.8179,199400000,N/A,501690400,20000000,0,50320000,21.9849,2.1445,1.2309,4.4263,
002015.SZ,霞客环保,2005-09-09,1.741,1.7585,1.8126,1.7288,1.7672,1838462,18680112.1,0.0262,1.5045,10.1607,9.1923,202400000,N/A,509238400,20000000,0,50320000,22.3157,2.1768,1.2494,4.4929,
002015.SZ,霞客环保,2005-09-12,1.7672,1.7672,1.7672,1.7672,1.7672,N/A,N/A,0,0,N/A,N/A,202400000,N/A,509238400,20000000,0,50320000,22.3157,2.1768,1.2494,4.4929,
002015.SZ,霞客环保,2005-09-13,1.7672,1.7672,1.7672,1.7672,1.7672,N/A,N/A,0,0,N/A,N/A,202400000,N/A,509238400,20000000,0,50320000,22.3157,2.1768,1.2494,4.4929,
002015.SZ,霞客环保,2005-09-14,1.7672,1.7672,1.7672,1.7672,1.7672,N/A,N/A,0,0,N/A,N/A,202400000,N/A,509238400,20000000,0,50320000,22.3157,2.1768,1.2494,4.4929,
002015.SZ,霞客环保,2005-09-15,1.7672,1.7672,1.7672,1.7672,1.7672,N/A,N/A,0,0,N/A,N/A,202400000,N/A,509238400,20000000,0,50320000,22.3157,2.1768,1.2494,4.4929,
002015.SZ,霞客环保,2005-09-16,1.7672,1.7672,1.7672,1.7672,1.7672,N/A,N/A,0,0,N/A,N/A,202400000,N/A,509238400,20000000,0,50320000,22.3157,2.1768,1.2494,4.4929,
002015.SZ,霞客环保,2005-09-19,1.7672,1.7672,1.7672,1.7672,1.7672,N/A,N/A,0,0,N/A,N/A,202400000,N/A,509238400,20000000,0,50320000,22.3157,2.1768,1.2494,4.4929,
002015.SZ,霞客环保,2005-09-20,1.7672,1.7672,1.7672,1.7672,1.7672,N/A,N/A,0,0,N/A,N/A,202400000,N/A,509238400,20000000,0,50320000,22.3157,2.1768,1.2494,4.4929,
002015.SZ,霞客环保,2005-09-21,1.7672,1.7672,1.7672,1.7672,1.7672,N/A,N/A,0,0,N/A,N/A,202400000,N/A,509238400,20000000,0,50320000,22.3157,2.1768,1.2494,4.4929,
002015.SZ,霞客环保,2005-09-22,1.7672,1.6083,1.7445,1.5943,1.7113,1603461,15610899.7,-0.0559,-3.1621,9.7358,8.0173,196000000,N/A,493136000,20000000,0,50320000,21.61,2.108,1.2099,4.3508,
002015.SZ,霞客环保,2005-09-23,1.7113,1.7113,1.7323,1.638,1.6974,1120840,10929615.5,-0.014,-0.8163,9.7513,5.6042,194400000,N/A,489110400,20000000,0,50320000,21.4336,2.0908,1.2,4.3153,
002015.SZ,霞客环保,2005-09-26,1.6974,1.6852,1.7183,1.6782,1.7113,825761,8067383.5,0.014,0.823,9.7696,4.1288,196000000,N/A,493136000,20000000,0,50320000,21.61,2.108,1.2099,4.3508,
002015.SZ,霞客环保,2005-09-27,1.7113,1.6974,1.7515,1.624,1.7323,1292992,12729432,0.021,1.2245,9.8449,6.465,198400000,N/A,499174400,20000000,0,50320000,21.8746,2.1338,1.2247,4.4041,
002015.SZ,霞客环保,2005-09-28,1.7323,1.7166,1.762,1.7079,1.7463,1152020,11505754.7,0.014,0.8065,9.9875,5.7601,200000000,N/A,503200000,20000000,0,50320000,22.051,2.151,1.2346,4.4396,
002015.SZ,霞客环保,2005-09-29,1.7463,1.7463,1.7602,1.7201,1.7463,995760,9932548.1,0,0,9.9748,4.9788,200000000,N/A,503200000,20000000,0,50320000,22.051,2.151,1.2346,4.4396,
002015.SZ,霞客环保,2005-09-30,1.7463,1.7463,1.7463,1.7463,1.7463,N/A,N/A,0,0,N/A,N/A,200000000,N/A,503200000,20000000,0,50320000,22.051,2.151,1.2346,4.4396,
002015.SZ,霞客环保,2005-10-10,1.7463,1.7568,1.7707,1.7236,1.7533,961229,9648593.9,0.007,0.4,10.0378,4.8061,200800000,N/A,505212800,20000000,0,50320000,22.1393,2.1596,1.2395,4.4574,
002015.SZ,霞客环保,2005-10-11,1.7533,1.7463,1.7795,1.7009,1.7795,1033923,10415711.5,0.0262,1.494,10.074,5.1696,203800000,N/A,512760800,20000000,0,50320000,22.47,2.1918,1.258,4.524,
002015.SZ,霞客环保,2005-10-12,1.7795,1.7795,1.7952,1.7463,1.7864,1171696,11895473.2,0.007,0.3925,10.1524,5.8585,204600000,N/A,514773600,20000000,0,50320000,22.5582,2.2005,1.263,4.5417,
002015.SZ,霞客环保,2005-10-13,1.7864,1.7812,1.8283,1.7602,1.8283,2226840,22944600,0.0419,2.346,10.3037,11.1342,209400000,N/A,526850400,20000000,0,50320000,23.0874,2.2521,1.2926,4.6483,
002015.SZ,霞客环保,2005-10-14,1.8283,1.8336,1.858,1.7899,1.8318,1348049,14009731.1,0.0035,0.191,10.3926,6.7402,209800000,N/A,527856800,20000000,0,50320000,23.1316,2.2564,1.2951,4.6572,
002015.SZ,霞客环保,2005-10-17,1.8318,1.8318,1.8318,1.8318,1.8318,N/A,N/A,0,0,N/A,N/A,209800000,N/A,527856800,20000000,0,50320000,23.1316,2.2564,1.2951,4.6572,
002015.SZ,霞客环保,2005-10-18,1.8318,1.8318,1.8318,1.8318,1.8318,N/A,N/A,0,0,N/A,N/A,209800000,N/A,527856800,20000000,0,50320000,23.1316,2.2564,1.2951,4.6572,
002015.SZ,霞客环保,2005-10-19,1.8318,1.8318,1.8318,1.8318,1.8318,N/A,N/A,0,0,N/A,N/A,209800000,N/A,527856800,20000000,0,50320000,23.1316,2.2564,1.2951,4.6572,
002015.SZ,霞客环保,2005-10-20,1.8318,1.8318,1.8318,1.8318,1.8318,N/A,N/A,0,0,N/A,N/A,209800000,N/A,527856800,20000000,0,50320000,23.1316,2.2564,1.2951,4.6572,
002015.SZ,霞客环保,2005-10-21,1.8318,1.8318,1.8318,1.8318,1.8318,N/A,N/A,0,0,N/A,N/A,209800000,N/A,527856800,20000000,0,50320000,23.1316,2.2564,1.2951,4.6572,
002015.SZ,霞客环保,2005-10-24,1.8318,1.8318,1.8318,1.8318,1.8318,N/A,N/A,0,0,N/A,N/A,209800000,N/A,527856800,20000000,0,50320000,23.1316,2.2564,1.2951,4.6572,
002015.SZ,霞客环保,2005-10-25,1.8318,1.8318,1.8318,1.8318,1.8318,N/A,N/A,0,0,N/A,N/A,209800000,N/A,527856800,20000000,0,50320000,23.1316,2.2564,1.2951,4.6572,
002015.SZ,霞客环保,2005-10-26,1.8318,1.8318,1.8318,1.8318,1.8318,N/A,N/A,0,0,N/A,N/A,209800000,N/A,527856800,20000000,0,50320000,23.1316,2.2564,1.2951,4.6572,
002015.SZ,霞客环保,2005-10-27,1.8318,1.8318,1.8318,1.8318,1.8318,N/A,N/A,0,0,N/A,N/A,209800000,N/A,527856800,20000000,0,50320000,23.1316,2.2564,1.2951,4.6572,
002015.SZ,霞客环保,2005-10-28,1.8318,1.8318,1.8318,1.8318,1.8318,N/A,N/A,0,0,N/A,N/A,209800000,N/A,527856800,20000000,0,50320000,23.1316,2.2564,1.2951,4.6572,
002015.SZ,霞客环保,2005-10-31,1.8318,1.8318,1.8318,1.8318,1.8318,N/A,N/A,0,0,N/A,N/A,209800000,N/A,527856800,20000000,0,50320000,23.1316,2.2564,1.2951,4.6572,
002015.SZ,霞客环保,2005-11-01,1.8318,1.8318,1.8318,1.8318,1.8318,N/A,N/A,0,0,N/A,N/A,209800000,N/A,527856800,20000000,0,50320000,23.1316,2.2564,1.2951,4.6572,
002015.SZ,霞客环保,2005-11-02,1.8318,1.8318,1.8318,1.8318,1.8318,N/A,N/A,0,0,N/A,N/A,209800000,N/A,527856800,20000000,0,50320000,23.1316,2.2564,1.2951,4.6572,
002015.SZ,霞客环保,2005-11-03,1.8318,1.8318,1.8318,1.8318,1.8318,N/A,N/A,0,0,N/A,N/A,209800000,N/A,527856800,20000000,0,50320000,23.1316,2.2564,1.2951,4.6572,
002015.SZ,霞客环保,2005-11-04,1.8318,1.8318,1.8318,1.8318,1.8318,N/A,N/A,0,0,N/A,N/A,209800000,N/A,527856800,20000000,0,50320000,23.1316,2.2564,1.2951,4.6572,
002015.SZ,霞客环保,2005-11-07,1.8318,1.8318,1.8318,1.8318,1.8318,N/A,N/A,0,0,N/A,N/A,209800000,N/A,527856800,20000000,0,50320000,23.1316,2.2564,1.2951,4.6572,
002015.SZ,霞客环保,2005-11-08,1.8318,1.8318,1.8318,1.8318,1.8318,N/A,N/A,0,0,N/A,N/A,209800000,N/A,527856800,20000000,0,50320000,23.1316,2.2564,1.2951,4.6572,
002015.SZ,霞客环保,2005-11-09,1.8318,1.8318,1.8318,1.8318,1.8318,N/A,N/A,0,0,N/A,N/A,209800000,N/A,527856800,20000000,0,50320000,23.1316,2.2564,1.2951,4.6572,
002015.SZ,霞客环保,2005-11-10,1.8318,1.8318,1.8318,1.8318,1.8318,N/A,N/A,0,0,N/A,N/A,209800000,N/A,527856800,20000000,0,50320000,23.1316,2.2564,1.2951,4.6572,
002015.SZ,霞客环保,2005-11-11,1.8318,1.8318,1.8318,1.8318,1.8318,N/A,N/A,0,0,N/A,N/A,209800000,N/A,527856800,20000000,0,50320000,23.1316,2.2564,1.2951,4.6572,
002015.SZ,霞客环保,2005-11-14,1.8318,1.8318,1.8318,1.8318,1.8318,N/A,N/A,0,0,N/A,N/A,209800000,N/A,527856800,20000000,0,50320000,23.1316,2.2564,1.2951,4.6572,
002015.SZ,霞客环保,2005-11-15,1.8318,1.832,1.8797,1.7276,1.7753,3547116,28445011.6,-0.0566,-3.0887,8.0192,13.6428,203320000,N/A,393502400,26000000,0,50320000,17.2439,1.6821,0.9655,3.4718,
002015.SZ,霞客环保,2005-11-16,1.7753,1.748,1.7821,1.6663,1.7707,1755961,13276528.6,-0.0045,-0.2558,7.5608,6.7537,202800000,N/A,392496000,26000000,0,50320000,17.1998,1.6778,0.963,3.4629,
002015.SZ,霞客环保,2005-11-17,1.7707,1.748,1.7889,1.7344,1.7843,1510299,11740259.5,0.0136,0.7692,7.7735,5.8088,204360000,N/A,395515200,26000000,0,50320000,17.3321,1.6907,0.9704,3.4895,
002015.SZ,霞客环保,2005-11-18,1.7843,1.7843,1.8593,1.7662,1.8343,3676753,29662612.8,0.0499,2.799,8.0676,14.1414,210080000,N/A,406585600,26000000,0,50320000,17.8172,1.738,0.9976,3.5872,
002015.SZ,霞客环保,2005-11-21,1.8343,1.8343,1.8797,1.832,1.8547,3227455,26351030.2,0.0204,1.1139,8.1646,12.4133,212420000,N/A,411114400,26000000,0,50320000,18.0157,1.7573,1.0087,3.6272,
002015.SZ,霞客环保,2005-11-22,1.8547,1.8615,1.8683,1.8116,1.8207,2421177,19574422.6,-0.0341,-1.836,8.0847,9.3122,208520000,N/A,403566400,26000000,0,50320000,17.6849,1.7251,0.9901,3.5606,
002015.SZ,霞客环保,2005-11-23,1.8207,1.8116,1.8797,1.7934,1.8638,2309427,18825626.9,0.0431,2.3691,8.1516,8.8824,213460000,N/A,413127200,26000000,0,50320000,18.1039,1.766,1.0136,3.6449,
002015.SZ,霞客环保,2005-11-24,1.8638,1.8683,1.9274,1.8456,1.9047,2901985,24295290.7,0.0409,2.1924,8.372,11.1615,218140000,N/A,422184800,26000000,0,50320000,18.5008,1.8047,1.0358,3.7248,
002015.SZ,霞客环保,2005-11-25,1.9047,1.9137,1.9228,1.8774,1.9069,1594585,13329879,0.0023,0.1192,8.3595,6.133,218400000,N/A,422688000,26000000,0,50320000,18.5229,1.8068,1.0371,3.7293,
002015.SZ,霞客环保,2005-11-28,1.9069,1.9069,1.9137,1.857,1.891,1100798,9122713.9,-0.0159,-0.8333,8.2874,4.2338,216580000,N/A,419165600,26000000,0,50320000,18.3685,1.7918,1.0284,3.6982,
002015.SZ,霞客环保,2005-11-29,1.891,1.9024,1.916,1.891,1.8933,1599342,13392004.1,0.0023,0.12,8.3734,6.1513,216840000,N/A,419668800,26000000,0,50320000,18.3906,1.7939,1.0296,3.7026,
002015.SZ,霞客环保,2005-11-30,1.8933,1.8933,1.975,1.8888,1.9682,2371995,20234067,0.0749,3.9568,8.5304,9.1231,225420000,N/A,436274400,26000000,0,50320000,19.1183,1.8649,1.0704,3.8491,
002015.SZ,霞客环保,2005-12-01,1.9682,1.9614,1.9614,1.8865,1.9024,1594231,13455282.8,-0.0658,-3.3449,8.44,6.1317,217880000,N/A,421681600,26000000,0,50320000,18.4788,1.8025,1.0346,3.7204,
002015.SZ,霞客环保,2005-12-02,1.9024,1.8933,1.8956,1.8502,1.8593,1458523,12018537.5,-0.0431,-2.2673,8.2402,5.6097,212940000,N/A,412120800,26000000,0,50320000,18.0598,1.7617,1.0111,3.636,
002015.SZ,霞客环保,2005-12-05,1.8593,1.8502,1.8524,1.798,1.8048,1104401,8824123.2,-0.0545,-2.9304,7.99,4.2477,206700000,N/A,400044000,26000000,0,50320000,17.5306,1.71,0.9815,3.5295,
002015.SZ,霞客环保,2005-12-06,1.8048,1.7821,1.832,1.7821,1.8252,833483,6680766.5,0.0204,1.1321,8.0155,3.2057,209040000,N/A,404572800,26000000,0,50320000,17.729,1.7294,0.9926,3.5695,
002015.SZ,霞客环保,2005-12-07,1.8252,1.8297,1.8343,1.7912,1.8184,665455,5307492,-0.0068,-0.3731,7.9757,2.5594,208260000,N/A,403063200,26000000,0,50320000,17.6629,1.7229,0.9889,3.5561,
002015.SZ,霞客环保,2005-12-08,1.8184,1.8207,1.8275,1.7889,1.8139,475690,3781930.1,-0.0045,-0.2497,7.9504,1.8296,207740000,N/A,402056800,26000000,0,50320000,17.6188,1.7186,0.9864,3.5473,
002015.SZ,霞客环保,2005-12-09,1.8139,1.8139,1.8683,1.807,1.8547,518193,4210390,0.0409,2.2528,8.1251,1.993,212420000,N/A,411114400,26000000,0,50320000,18.0157,1.7573,1.0087,3.6272,
002015.SZ,霞客环保,2005-12-12,1.8547,1.8524,1.8615,1.8388,1.857,655926,5356075.7,0.0023,0.1224,8.1657,2.5228,212680000,N/A,411617600,26000000,0,50320000,18.0378,1.7595,1.0099,3.6316,
002015.SZ,霞客环保,2005-12-13,1.857,1.857,1.8683,1.8184,1.8479,603724,4885772.2,-0.0091,-0.489,8.0927,2.322,211640000,N/A,409604800,26000000,0,50320000,17.9496,1.7509,1.005,3.6138,
002015.SZ,霞客环保,2005-12-14,1.8479,1.8388,1.8661,1.832,1.857,831569,6790839.1,0.0091,0.4914,8.1663,3.1983,212680000,N/A,411617600,26000000,0,50320000,18.0378,1.7595,1.0099,3.6316,
002015.SZ,霞客环保,2005-12-15,1.857,1.857,1.8661,1.8366,1.8434,824477,6716424.3,-0.0136,-0.7335,8.1463,3.1711,211120000,N/A,408598400,26000000,0,50320000,17.9055,1.7466,1.0025,3.605,
002015.SZ,霞客环保,2005-12-16,1.8434,1.8456,1.8615,1.8229,1.8615,769269,6255330.1,0.0182,0.9852,8.1315,2.9587,213200000,N/A,412624000,26000000,0,50320000,18.0819,1.7638,1.0124,3.6405,
002015.SZ,霞客环保,2005-12-19,1.8615,1.8456,1.8638,1.8366,1.8615,881950,7209432.2,0,0,8.1744,3.3921,213200000,N/A,412624000,26000000,0,50320000,18.0819,1.7638,1.0124,3.6405,
002015.SZ,霞客环保,2005-12-20,1.8615,1.8638,1.8774,1.8502,1.8638,793776,6509313.4,0.0023,0.122,8.2004,3.053,213460000,N/A,413127200,26000000,0,50320000,18.1039,1.766,1.0136,3.6449,
002015.SZ,霞客环保,2005-12-21,1.8638,1.857,1.8706,1.8207,1.8229,589600,4773702.1,-0.0409,-2.1924,8.0965,2.2677,208780000,N/A,404069600,26000000,0,50320000,17.707,1.7272,0.9914,3.565,
002015.SZ,霞客环保,2005-12-22,1.8229,1.8184,1.8524,1.798,1.8434,947444,7620918.8,0.0204,1.1208,8.0437,3.644,211120000,N/A,408598400,26000000,0,50320000,17.9055,1.7466,1.0025,3.605,
002015.SZ,霞客环保,2005-12-23,1.8434,1.8411,1.8479,1.8161,1.8388,384157,3101159.5,-0.0045,-0.2463,8.0726,1.4775,210600000,N/A,407592000,26000000,0,50320000,17.8613,1.7423,1,3.5961,
002015.SZ,霞客环保,2005-12-26,1.8388,1.8479,1.8502,1.8252,1.8479,845366,6860894.3,0.0091,0.4938,8.1159,3.2514,211640000,N/A,409604800,26000000,0,50320000,17.9496,1.7509,1.005,3.6138,
002015.SZ,霞客环保,2005-12-27,1.8479,1.8593,1.8593,1.832,1.8502,752219,6124640.3,0.0023,0.1229,8.1421,2.8931,211900000,N/A,410108000,26000000,0,50320000,17.9716,1.753,1.0062,3.6183,
002015.SZ,霞客环保,2005-12-28,1.8502,1.8434,1.857,1.8343,1.8547,655749,5341445,0.0045,0.2454,8.1456,2.5221,212420000,N/A,411114400,26000000,0,50320000,18.0157,1.7573,1.0087,3.6272,
002015.SZ,霞客环保,2005-12-29,1.8547,1.8593,1.8706,1.8434,1.8593,1042248,8524978.1,0.0045,0.2448,8.1794,4.0086,212940000,N/A,412120800,26000000,0,50320000,18.0598,1.7617,1.0111,3.636,
002015.SZ,霞客环保,2005-12-30,1.8593,1.8638,1.8683,1.8275,1.8343,503110,4088109.1,-0.025,-1.3431,8.1257,1.935,210080000,N/A,406585600,26000000,0,50320000,17.8172,1.738,0.9976,3.5872,
002015.SZ,霞客环保,2006-01-04,1.8343,1.8366,1.8479,1.8161,1.8366,781655,6319735.1,0.0023,0.1238,8.0851,3.0064,210340000,N/A,407088800,26000000,0,50320000,16.1747,1.6096,0.8854,-11.3839,
002015.SZ,霞客环保,2006-01-05,1.8366,1.8502,1.8524,1.8229,1.8502,806879,6526106.6,0.0136,0.7417,8.0881,3.1034,211900000,N/A,410108000,26000000,0,50320000,16.2946,1.6215,0.892,-11.4684,
002015.SZ,霞客环保,2006-01-06,1.8502,1.8502,1.8683,1.8252,1.857,969842,7905445.6,0.0068,0.3681,8.1513,3.7302,212680000,N/A,411617600,26000000,0,50320000,16.3546,1.6275,0.8952,-11.5106,
002015.SZ,霞客环保,2006-01-09,1.857,1.8661,1.9069,1.8502,1.8888,1169540,9687094,0.0318,1.7115,8.2828,4.4982,216320000,N/A,418662400,26000000,0,50320000,16.6345,1.6553,0.9106,-11.7076,
002015.SZ,霞客环保,2006-01-10,1.8888,1.8978,1.9024,1.8615,1.8842,965708,7983056.9,-0.0045,-0.2404,8.2665,3.7143,215800000,N/A,417656000,26000000,0,50320000,16.5945,1.6513,0.9084,-11.6794,
002015.SZ,霞客环保,2006-01-11,1.8842,1.882,1.8842,1.832,1.8388,754427,6157222.6,-0.0454,-2.4096,8.1615,2.9016,210600000,N/A,407592000,26000000,0,50320000,16.1947,1.6115,0.8865,-11.398,
002015.SZ,霞客环保,2006-01-12,1.8388,1.8456,1.8956,1.8388,1.882,1251021,10340688.1,0.0431,2.3457,8.2658,4.8116,215540000,N/A,417152800,26000000,0,50320000,16.5745,1.6493,0.9073,-11.6654,
002015.SZ,霞客环保,2006-01-13,1.882,1.8842,1.9069,1.8638,1.8888,1084424,9009520.6,0.0068,0.3619,8.3081,4.1709,216320000,N/A,418662400,26000000,0,50320000,16.6345,1.6553,0.9106,-11.7076,
002015.SZ,霞客环保,2006-01-16,1.8888,1.8842,1.9251,1.8797,1.8865,1181249,9921396.3,-0.0023,-0.1202,8.3991,4.5433,216060000,N/A,418159200,26000000,0,50320000,16.6145,1.6533,0.9095,-11.6935,
002015.SZ,霞客环保,2006-01-17,1.8865,1.8865,1.9274,1.8797,1.9274,1591681,13396202.1,0.0409,2.1661,8.4164,6.1219,220740000,N/A,427216800,26000000,0,50320000,16.9744,1.6891,0.9292,-11.9468,
002015.SZ,霞客环保,2006-01-18,1.9274,1.9342,1.9614,1.9115,1.9614,1835525,15666005.2,0.0341,1.7668,8.5349,7.0597,224640000,N/A,434764800,26000000,0,50320000,17.2743,1.719,0.9456,-12.1579,
002015.SZ,霞客环保,2006-01-19,1.9614,1.966,1.966,1.9206,1.9364,1314995,11231141.9,-0.025,-1.2731,8.5408,5.0577,221780000,N/A,429229600,26000000,0,50320000,17.0544,1.6971,0.9336,-12.0031,
002015.SZ,霞客环保,2006-01-20,1.9364,1.9319,1.9387,1.8978,1.9183,1173894,9904996,-0.0182,-0.9379,8.4377,4.515,219700000,N/A,425204000,26000000,0,50320000,16.8944,1.6812,0.9248,-11.8905,
002015.SZ,霞客环保,2006-01-23,1.9183,1.9183,1.9183,1.9183,1.9183,N/A,N/A,0,0,N/A,N/A,219700000,N/A,425204000,26000000,0,50320000,16.8944,1.6812,0.9248,-11.8905,
002015.SZ,霞客环保,2006-01-24,1.9183,1.9024,1.9228,1.8774,1.8797,1574993,13152402.5,-0.0386,-2.0118,8.3508,6.0577,215280000,N/A,416649600,26000000,0,50320000,16.5545,1.6474,0.9062,-11.6513,
002015.SZ,霞客环保,2006-01-25,1.8797,1.8751,1.8933,1.7912,1.807,1240262,9920973,-0.0726,-3.8647,7.9991,4.7702,206960000,N/A,400547200,26000000,0,50320000,15.9147,1.5837,0.8712,-11.201,
002015.SZ,霞客环保,2006-02-06,1.807,1.8116,1.8456,1.807,1.8388,790963,6343931.9,0.0318,1.7588,8.0205,3.0422,210600000,N/A,407592000,26000000,0,50320000,16.1947,1.6115,0.8865,-11.398,
002015.SZ,霞客环保,2006-02-07,1.8388,1.8388,1.8388,1.7753,1.7912,1064412,8447943,-0.0477,-2.5926,7.9367,4.0939,205140000,N/A,397024800,26000000,0,50320000,15.7748,1.5698,0.8635,-11.1025,
002015.SZ,霞客环保,2006-02-08,1.7912,1.7889,1.8116,1.7753,1.8025,632394,4999161.3,0.0114,0.6337,7.9051,2.4323,206440000,N/A,399540800,26000000,0,50320000,15.8748,1.5797,0.869,-11.1728,
002015.SZ,霞客环保,2006-02-09,1.8025,1.8025,1.8252,1.798,1.8184,603670,4831343.5,0.0159,0.8816,8.0033,2.3218,208260000,N/A,403063200,26000000,0,50320000,16.0147,1.5936,0.8766,-11.2713,
002015.SZ,霞客环保,2006-02-10,1.8184,1.8161,1.8615,1.7957,1.857,1035625,8394467,0.0386,2.1223,8.1057,3.9832,212680000,N/A,411617600,26000000,0,50320000,16.3546,1.6275,0.8952,-11.5106,
002015.SZ,霞客环保,2006-02-13,1.857,1.882,1.882,1.8252,1.8593,744334,6065220.9,0.0023,0.1222,8.1485,2.8628,212940000,N/A,412120800,26000000,0,50320000,16.3746,1.6295,0.8963,-11.5246,
002015.SZ,霞客环保,2006-02-14,1.8593,1.8956,1.8978,1.8434,1.8978,1191813,9846236.3,0.0386,2.0757,8.2616,4.5839,217360000,N/A,420675200,26000000,0,50320000,16.7145,1.6633,0.9149,-11.7639,
002015.SZ,霞客环保,2006-02-15,1.8978,1.8933,1.8956,1.8638,1.8842,636888,5270263.5,-0.0136,-0.7177,8.275,2.4496,215800000,N/A,417656000,26000000,0,50320000,16.5945,1.6513,0.9084,-11.6794,
002015.SZ,霞客环保,2006-02-16,1.8842,1.9024,1.9024,1.8161,1.8343,768670,6254393.5,-0.0499,-2.6506,8.1366,2.9564,210080000,N/A,406585600,26000000,0,50320000,16.1547,1.6076,0.8843,-11.3699,
002015.SZ,霞客环保,2006-02-17,1.8343,1.8161,1.882,1.8161,1.882,976798,7946028.2,0.0477,2.599,8.1348,3.7569,215540000,N/A,417152800,26000000,0,50320000,16.5745,1.6493,0.9073,-11.6654,
002015.SZ,霞客环保,2006-02-20,1.882,1.8593,1.8797,1.8139,1.8139,545550,4410869,-0.0681,-3.6188,8.0852,2.0983,207740000,N/A,402056800,26000000,0,50320000,15.9747,1.5897,0.8745,-11.2432,
002015.SZ,霞客环保,2006-02-21,1.8139,1.8139,1.8434,1.7753,1.8366,342182,2715945.2,0.0227,1.2516,7.9371,1.3161,210340000,N/A,407088800,26000000,0,50320000,16.1747,1.6096,0.8854,-11.3839,
002015.SZ,霞客环保,2006-02-22,1.8366,1.8343,1.8388,1.8048,1.8297,547590,4398388.5,-0.0068,-0.3708,8.0323,2.1061,209560000,N/A,405579200,26000000,0,50320000,16.1147,1.6036,0.8821,-11.3417,
002015.SZ,霞客环保,2006-02-23,1.8297,1.8207,1.857,1.8207,1.8547,761516,6194447.8,0.025,1.3648,8.1344,2.9289,212420000,N/A,411114400,26000000,0,50320000,16.3346,1.6255,0.8942,-11.4965,
002015.SZ,霞客环保,2006-02-24,1.8547,1.8638,1.8842,1.8434,1.8751,551810,4540664.6,0.0204,1.1016,8.2287,2.1223,214760000,N/A,415643200,26000000,0,50320000,16.5145,1.6434,0.904,-11.6231,
002015.SZ,霞客环保,2006-02-27,1.8751,1.9115,1.9274,1.8774,1.8865,1153931,9648138.7,0.0114,0.6053,8.3611,4.4382,216060000,N/A,418159200,26000000,0,50320000,16.6145,1.6533,0.9095,-11.6935,
002015.SZ,霞客环保,2006-02-28,1.8865,1.8615,1.9478,1.8524,1.9364,1479287,12439827.7,0.0499,2.6474,8.4093,5.6896,221780000,N/A,429229600,26000000,0,50320000,17.0544,1.6971,0.9336,-12.0031,
002015.SZ,霞客环保,2006-03-01,1.9364,1.9364,1.9478,1.9137,1.941,1117249,9513267.1,0.0045,0.2345,8.5149,4.2971,222300000,N/A,430236000,26000000,0,50320000,17.0944,1.7011,0.9357,-12.0312,
002015.SZ,霞客环保,2006-03-02,1.941,1.9387,1.941,1.8978,1.9206,1588332,13428378.4,-0.0204,-1.0526,8.4544,6.109,219960000,N/A,425707200,26000000,0,50320000,16.9144,1.6832,0.9259,-11.9046,
002015.SZ,霞客环保,2006-03-03,1.9206,1.9047,1.9251,1.8706,1.9183,793396,6646944.6,-0.0023,-0.1182,8.3778,3.0515,219700000,N/A,425204000,26000000,0,50320000,16.8944,1.6812,0.9248,-11.8905,
002015.SZ,霞客环保,2006-03-06,1.9183,1.9206,1.9206,1.891,1.9047,492737,4130892.2,-0.0136,-0.7101,8.3836,1.8951,218140000,N/A,422184800,26000000,0,50320000,16.7745,1.6692,0.9182,-11.8061,
002015.SZ,霞客环保,2006-03-07,1.9047,1.8956,1.8956,1.8184,1.8275,420840,3422532,-0.0772,-4.0524,8.1326,1.6186,209300000,N/A,405076000,26000000,0,50320000,16.0947,1.6016,0.881,-11.3276,
002015.SZ,霞客环保,2006-03-08,1.8275,1.8161,1.8547,1.7889,1.8388,446098,3581835.7,0.0114,0.6211,8.0293,1.7158,210600000,N/A,407592000,26000000,0,50320000,16.1947,1.6115,0.8865,-11.398,
002015.SZ,霞客环保,2006-03-09,1.8388,1.8184,1.8456,1.8161,1.8343,252060,2031958.1,-0.0045,-0.2469,8.0614,0.9695,210080000,N/A,406585600,26000000,0,50320000,16.1547,1.6076,0.8843,-11.3699,
002015.SZ,霞客环保,2006-03-10,1.8343,1.8343,1.8456,1.8161,1.8252,195853,1576855.3,-0.0091,-0.495,8.0512,0.7533,209040000,N/A,404572800,26000000,0,50320000,16.0747,1.5996,0.8799,-11.3136,
002015.SZ,霞客环保,2006-03-13,1.8252,1.8366,1.8411,1.8116,1.8388,414297,3343328.1,0.0136,0.7463,8.0699,1.5935,210600000,N/A,407592000,26000000,0,50320000,16.1947,1.6115,0.8865,-11.398,
002015.SZ,霞客环保,2006-03-14,1.8388,1.9183,1.9183,1.8434,1.8502,258464,2123073.9,0.0114,0.6173,8.2142,0.9941,211900000,N/A,410108000,26000000,0,50320000,16.2946,1.6215,0.892,-11.4684,
002015.SZ,霞客环保,2006-03-15,1.8502,1.857,1.891,1.8411,1.8842,694188,5707930.6,0.0341,1.8405,8.2225,2.67,215800000,N/A,417656000,26000000,0,50320000,16.5945,1.6513,0.9084,-11.6794,
002015.SZ,霞客环保,2006-03-16,1.8842,1.8797,1.8797,1.8411,1.8706,543984,4442020.4,-0.0136,-0.7229,8.1657,2.0922,214240000,N/A,414636800,26000000,0,50320000,16.4746,1.6394,0.9018,-11.595,
002015.SZ,霞客环保,2006-03-17,1.8706,1.8524,1.857,1.8366,1.8524,403373,3281482.3,-0.0182,-0.9709,8.1351,1.5514,212160000,N/A,410611200,26000000,0,50320000,16.3146,1.6235,0.8931,-11.4824,
002015.SZ,霞客环保,2006-03-20,1.8524,1.8161,1.8638,1.8161,1.8615,525188,4271979.4,0.0091,0.4902,8.1342,2.02,213200000,N/A,412624000,26000000,0,50320000,16.3946,1.6314,0.8974,-11.5387,
002015.SZ,霞客环保,2006-03-21,1.8615,1.8524,1.8842,1.8479,1.8774,697073,5749755.8,0.0159,0.8537,8.2484,2.681,215020000,N/A,416146400,26000000,0,50320000,16.5345,1.6454,0.9051,-11.6372,
002015.SZ,霞客环保,2006-03-22,1.8774,1.8729,1.9069,1.8729,1.9069,907416,7561840.1,0.0295,1.5719,8.3334,3.4901,218400000,N/A,422688000,26000000,0,50320000,16.7945,1.6712,0.9193,-11.8201,
002015.SZ,霞客环保,2006-03-23,1.9069,1.9047,2.0114,1.9047,2,2583329,22321274.9,0.0931,4.881,8.6405,9.9359,229060000,N/A,443319200,26000000,0,50320000,17.6142,1.7528,0.9642,-12.3971,
002015.SZ,霞客环保,2006-03-24,2,2,2.0204,1.9546,1.9841,1955696,17054504.3,-0.0159,-0.7946,8.7204,7.5219,227240000,N/A,439796800,26000000,0,50320000,17.4742,1.7389,0.9565,-12.2986,
002015.SZ,霞客环保,2006-03-27,1.9841,1.9841,2.0636,1.9773,2.0454,2744200,24627071.8,0.0613,3.0892,8.9742,10.5546,234260000,N/A,453383200,26000000,0,50320000,18.0141,1.7926,0.9861,-12.6785,
002015.SZ,霞客环保,2006-03-28,2.0454,2.0454,2.0545,2.0182,2.0477,2268732,20371540.3,0.0023,0.111,8.9793,8.7259,234520000,N/A,453886400,26000000,0,50320000,18.034,1.7946,0.9872,-12.6926,
002015.SZ,霞客环保,2006-03-29,2.0477,2.0431,2.0658,1.966,1.9682,3326885,29280068.7,-0.0795,-3.8803,8.801,12.7957,225420000,N/A,436274400,26000000,0,50320000,17.3343,1.725,0.9489,-12.2001,
002015.SZ,霞客环保,2006-03-30,1.9682,1.9682,1.9909,1.9115,1.9115,1861224,15902222.3,-0.0568,-2.8835,8.544,7.1586,218920000,N/A,423694400,26000000,0,50320000,16.8344,1.6752,0.9215,-11.8483,
002015.SZ,霞客环保,2006-03-31,1.9115,1.9069,1.9455,1.8956,1.9274,933745,7913558.3,0.0159,0.8314,8.4751,3.5913,220740000,N/A,427216800,26000000,0,50320000,16.9744,1.6891,0.9292,-11.9468,
002015.SZ,霞客环保,2006-04-03,1.9274,1.9342,1.9682,1.9024,1.9637,1365561,11630042.8,0.0363,1.8846,8.5167,5.2522,224900000,N/A,435268000,26000000,0,50320000,17.2943,1.721,0.9467,-12.1719,
002015.SZ,霞客环保,2006-04-04,1.9637,1.9637,1.9728,1.9319,1.966,1250857,10742629.5,0.0023,0.1156,8.5882,4.811,225160000,N/A,435771200,26000000,0,50320000,17.3143,1.723,0.9478,-12.186,
002015.SZ,霞客环保,2006-04-05,1.966,1.9705,2.0091,1.9433,1.9909,1067883,9362983.2,0.025,1.2702,8.7678,4.1072,228020000,N/A,441306400,26000000,0,50320000,17.5342,1.7448,0.9598,-12.3408,
002015.SZ,霞客环保,2006-04-06,1.9909,1.9909,2.0045,1.9433,1.9455,1009560,8720637.3,-0.0454,-2.2805,8.6381,3.8829,222820000,N/A,431242400,26000000,0,50320000,17.1343,1.7051,0.9379,-12.0594,
002015.SZ,霞客环保,2006-04-07,1.9455,1.9433,1.9796,1.9364,1.9523,970378,8340934.2,0.0068,0.3501,8.5956,3.7322,223600000,N/A,432752000,26000000,0,50320000,17.1943,1.711,0.9412,-12.1016,
002015.SZ,霞客环保,2006-04-10,1.9523,1.9773,2.0363,1.9523,2.0341,1277632,11320291.6,0.0817,4.186,8.8604,4.914,232960000,N/A,450867200,26000000,0,50320000,17.9141,1.7826,0.9806,-12.6082,
002015.SZ,霞客环保,2006-04-11,2.0341,2.0386,2.0545,1.9932,2.0318,1286907,11494165.9,-0.0023,-0.1116,8.9316,4.9496,232700000,N/A,450364000,26000000,0,50320000,17.8941,1.7807,0.9795,-12.5941,
002015.SZ,霞客环保,2006-04-12,2.0318,2.0295,2.1771,2.0136,2.1294,2913619,27199212.1,0.0976,4.8045,9.3352,11.2062,243880000,N/A,472001600,26000000,0,50320000,18.7538,1.8662,1.0266,-13.1992,
002015.SZ,霞客环保,2006-04-13,2.1294,2.1249,2.2134,2.1135,2.1793,4300924,41178771.1,0.0499,2.3454,9.5744,16.542,249600000,N/A,483072000,26000000,0,50320000,19.1937,1.91,1.0507,-13.5087,
002015.SZ,霞客环保,2006-04-14,2.1793,2.1975,2.37,2.1793,2.3451,5004617,50082616.5,0.1657,7.6042,10.0073,19.2485,268580000,N/A,519805600,26000000,0,50320000,20.6532,2.0552,1.1306,-14.536,
002015.SZ,霞客环保,2006-04-17,2.3451,2.3383,2.4018,2.2929,2.3473,3408888,35112278.2,0.0023,0.0968,10.3002,13.1111,268840000,N/A,520308800,26000000,0,50320000,20.6732,2.0572,1.1316,-14.55,
002015.SZ,霞客环保,2006-04-18,2.3473,2.3837,2.538,2.3723,2.4472,4987474,54100960.2,0.0999,4.2553,10.8474,19.1826,280280000,N/A,542449600,26000000,0,50320000,21.5529,2.1447,1.1798,-15.1692,
002015.SZ,霞客环保,2006-04-19,2.4472,2.4472,2.4904,2.4086,2.4745,2676008,28937267.1,0.0272,1.1132,10.8136,10.2923,283400000,N/A,548488000,26000000,0,50320000,21.7928,2.1686,1.1929,-15.338,
002015.SZ,霞客环保,2006-04-20,2.4745,2.4699,2.4881,2.3882,2.4518,2110633,22618242.1,-0.0227,-0.9174,10.7163,8.1178,280800000,N/A,543456000,26000000,0,50320000,21.5929,2.1487,1.182,-15.1973,
002015.SZ,霞客环保,2006-04-21,2.4518,2.4336,2.6969,2.3837,2.6652,3426776,38732937.4,0.2134,8.7037,11.303,13.1799,305240000,N/A,590756800,26000000,0,50320000,23.4722,2.3357,1.2849,-16.5201,
002015.SZ,霞客环保,2006-04-24,2.6652,2.6538,2.756,2.538,2.6629,3125259,36089481.1,-0.0023,-0.0852,11.5477,12.0202,304980000,N/A,590253600,26000000,0,50320000,23.4523,2.3338,1.2838,-16.506,
002015.SZ,霞客环保,2006-04-25,2.6629,2.6561,2.7128,2.5653,2.5993,2076622,24142449.4,-0.0636,-2.387,11.6258,7.987,297700000,N/A,576164000,26000000,0,50320000,22.8924,2.278,1.2531,-16.112,
002015.SZ,霞客环保,2006-04-26,2.5993,2.5993,2.6901,2.5653,2.6402,2182712,25234540.4,0.0409,1.5721,11.5611,8.395,302380000,N/A,585221600,26000000,0,50320000,23.2523,2.3139,1.2728,-16.3653,
002015.SZ,霞客环保,2006-04-27,2.6402,2.6379,2.6379,2.5426,2.5607,1515800,17242835.4,-0.0795,-3.0095,11.3754,5.83,293280000,N/A,567609600,26000000,0,50320000,22.5526,2.2442,1.2345,-15.8728,
002015.SZ,霞客环保,2006-04-28,2.5607,2.5199,2.7605,2.5017,2.6901,2673126,31479737.2,0.1294,5.0532,11.7764,10.2813,308100000,N/A,596292000,26000000,0,50320000,23.6922,2.3576,1.2969,-16.6748,
002015.SZ,霞客环保,2006-05-08,2.6901,2.7196,2.7628,2.6697,2.7265,2166061,25826356.8,0.0363,1.3502,11.9232,8.331,312260000,N/A,604343200,26000000,0,50320000,24.0121,2.3895,1.3144,-16.9,
002015.SZ,霞客环保,2006-05-09,2.7265,2.7355,2.9262,2.6788,2.8332,2376462,29391787.1,0.1067,3.9134,12.3679,9.1402,324480000,N/A,627993600,26000000,0,50320000,24.9518,2.483,1.3659,-17.5614,
002015.SZ,霞客环保,2006-05-10,2.8332,2.8286,2.8309,2.7469,2.7878,1573634,19320508.5,-0.0454,-1.6026,12.2776,6.0524,319280000,N/A,617929600,26000000,0,50320000,24.5519,2.4432,1.344,-17.2799,
002015.SZ,霞客环保,2006-05-11,2.7878,2.7787,2.8536,2.6674,2.7015,2121144,25819958.6,-0.0863,-3.0945,12.1727,8.1582,309400000,N/A,598808000,26000000,0,50320000,23.7921,2.3676,1.3024,-16.7452,
002015.SZ,霞客环保,2006-05-12,2.7015,2.6879,2.7809,2.6447,2.7673,1946175,23278716.2,0.0658,2.437,11.9613,7.4853,316940000,N/A,613400800,26000000,0,50320000,24.372,2.4253,1.3341,-17.1533,
002015.SZ,霞客环保,2006-05-15,2.7673,2.815,2.8377,2.7038,2.8286,2526283,30838012.8,0.0613,2.2149,12.2069,9.7165,323960000,N/A,626987200,26000000,0,50320000,24.9118,2.479,1.3637,-17.5332,
002015.SZ,霞客环保,2006-05-16,2.8286,2.7946,2.8127,2.6697,2.6811,2017099,24227931.6,-0.1476,-5.2167,12.0113,7.7581,307060000,N/A,594279200,26000000,0,50320000,23.6122,2.3497,1.2925,-16.6186,
002015.SZ,霞客环保,2006-05-17,2.6811,2.6992,2.9399,2.6606,2.8854,3103270,38549373.1,0.2043,7.6207,12.4222,11.9357,330460000,N/A,639567200,26000000,0,50320000,25.4116,2.5287,1.391,-17.885,
002015.SZ,霞客环保,2006-05-18,2.8854,2.8604,3.017,2.8105,2.924,2672185,34676787.6,0.0386,1.3375,12.9769,10.2776,334880000,N/A,648121600,26000000,0,50320000,25.7515,2.5626,1.4096,-18.1242,
002015.SZ,霞客环保,2006-05-19,2.924,2.924,2.924,2.924,2.924,N/A,N/A,0,0,N/A,N/A,334880000,N/A,648121600,26000000,0,50320000,25.7515,2.5626,1.4096,-18.1242,
002015.SZ,霞客环保,2006-05-22,2.924,3.1283,3.2168,3.0216,3.2168,3261140,45624084.1,0.2928,10.0155,13.9902,12.5428,368420000,N/A,713034400,26000000,0,50320000,28.3306,2.8192,1.5508,-19.9395,
002015.SZ,霞客环保,2006-05-23,3.2168,3.1964,3.1964,2.9058,2.9058,2420012,32682171.3,-0.311,-9.6683,13.505,9.3077,332800000,N/A,644096000,26000000,0,50320000,25.5915,2.5466,1.4009,-18.0116,
002015.SZ,霞客环保,2006-05-24,2.9058,2.9013,3.0511,2.7423,2.8309,2075912,26326542.2,-0.0749,-2.5781,12.6819,7.9843,324220000,N/A,627490400,26000000,0,50320000,24.9318,2.481,1.3648,-17.5473,
002015.SZ,霞客环保,2006-05-25,2.8309,2.849,3.0148,2.8377,2.9807,1495773,19371897.5,0.1498,5.2927,12.9511,5.753,341380000,N/A,660701600,26000000,0,50320000,26.2513,2.6123,1.437,-18.476,
002015.SZ,霞客环保,2006-05-26,2.9807,2.9966,3.0738,2.958,3.0511,1537079,20444642.9,0.0704,2.361,13.301,5.9118,349440000,N/A,676300800,26000000,0,50320000,26.8711,2.674,1.4709,-18.9122,
002015.SZ,霞客环保,2006-05-29,3.0511,3.0511,3.0511,3.0511,3.0511,N/A,N/A,0,0,N/A,N/A,349440000,N/A,676300800,26000000,0,50320000,26.8711,2.674,1.4709,-18.9122,
002015.SZ,霞客环保,2006-05-30,3.0511,3.1328,3.1464,3.0307,3.0647,1777964,24113506,0.0136,0.4464,13.5624,6.8383,351000000,N/A,679320000,26000000,0,50320000,26.9911,2.6859,1.4775,-18.9967,
002015.SZ,霞客环保,2006-05-31,3.0647,3.0579,3.092,2.9875,3.0375,1305126,17422733.9,-0.0272,-0.8889,13.3495,5.0197,347880000,N/A,673281600,26000000,0,50320000,26.7512,2.662,1.4644,-18.8278,
002015.SZ,霞客环保,2006-06-01,3.0375,3.0148,3.2804,3.0148,3.2213,2128115,29776485,0.1839,6.0538,13.992,8.1851,368940000,N/A,714040800,26000000,0,50320000,28.3706,2.8232,1.553,-19.9676,
002015.SZ,霞客环保,2006-06-02,3.2213,3.2577,3.4416,3.2282,3.378,2973354,43922237.9,0.1566,4.8626,14.772,11.436,386880000,N/A,748761600,26000000,0,50320000,29.7502,2.9605,1.6285,-20.9385,
002015.SZ,霞客环保,2006-06-05,3.378,3.4643,3.6322,3.437,3.5891,2793065,43647691.2,0.2111,6.25,15.6272,10.7426,411060000,N/A,795559200,26000000,0,50320000,31.6096,3.1455,1.7303,-22.2472,
002015.SZ,霞客环保,2006-06-06,3.5891,3.5414,3.5414,3.3598,3.3825,2047209,30872951.5,-0.2066,-5.7559,15.0805,7.8739,387400000,N/A,749768000,26000000,0,50320000,29.7902,2.9644,1.6307,-20.9667,
002015.SZ,霞客环保,2006-06-07,3.3825,3.3394,3.4257,3.0874,3.1101,2228611,31671539.2,-0.2724,-8.0537,14.2113,8.5716,356200000,N/A,689384000,26000000,0,50320000,27.391,2.7257,1.4994,-19.2781,
002015.SZ,霞客环保,2006-06-08,3.1101,3.0806,3.2531,3.0307,3.2509,1983665,27770974.8,0.1407,4.5255,13.9998,7.6295,372320000,N/A,720582400,26000000,0,50320000,28.6305,2.8491,1.5672,-20.1505,
002015.SZ,霞客环保,2006-06-09,3.2509,3.2668,3.2895,3.1782,3.2032,1250195,17769655.9,-0.0477,-1.4665,14.2135,4.8084,366860000,N/A,710015200,26000000,0,50320000,28.2107,2.8073,1.5442,-19.855,
002015.SZ,霞客环保,2006-06-12,3.2032,3.1691,3.2463,3.1328,3.1759,712641,10023581.1,-0.0272,-0.8505,14.0654,2.7409,363740000,N/A,703976800,26000000,0,50320000,27.9708,2.7834,1.5311,-19.6862,
002015.SZ,霞客环保,2006-06-13,3.1759,3.1986,3.2804,3.1691,3.2758,1020237,14520119.6,0.0999,3.1451,14.2321,3.924,375180000,N/A,726117600,26000000,0,50320000,28.8505,2.8709,1.5793,-20.3053,
002015.SZ,霞客环保,2006-06-14,3.2758,3.2758,3.3144,3.185,3.2713,692804,9881912.8,-0.0045,-0.1386,14.2636,2.6646,374660000,N/A,725111200,26000000,0,50320000,28.8105,2.867,1.5771,-20.2772,
002015.SZ,霞客环保,2006-06-15,3.2713,3.2713,3.3598,3.2304,3.3349,1091730,15860078.3,0.0636,1.9431,14.5275,4.199,381940000,N/A,739200800,26000000,0,50320000,29.3703,2.9227,1.6077,-20.6712,
002015.SZ,霞客环保,2006-06-16,3.3349,3.3553,3.5959,3.3553,3.5551,2152323,33177838.1,0.2202,6.6031,15.4149,8.2782,407160000,N/A,788011200,26000000,0,50320000,31.3097,3.1157,1.7139,-22.0361,
002015.SZ,霞客环保,2006-06-19,3.5551,3.5301,3.605,3.4007,3.4733,2189766,33910158.4,-0.0817,-2.2989,15.4857,8.4222,397800000,N/A,769896000,26000000,0,50320000,30.5899,3.044,1.6745,-21.5295,
002015.SZ,霞客环保,2006-06-20,3.4733,3.4052,3.5414,3.3825,3.5324,1103437,16830612.8,0.059,1.6993,15.2529,4.244,404560000,N/A,782979200,26000000,0,50320000,31.1097,3.0958,1.7029,-21.8954,
002015.SZ,霞客环保,2006-06-21,3.5324,3.5187,3.5233,3.4098,3.4484,980081,14973852.3,-0.084,-2.3779,15.2782,3.7695,394940000,N/A,764360800,26000000,0,50320000,30.37,3.0221,1.6624,-21.3748,
002015.SZ,霞客环保,2006-06-22,3.4484,3.4075,3.4801,3.4075,3.4416,606388,9178221,-0.0068,-0.1975,15.1359,2.3323,394160000,N/A,762851200,26000000,0,50320000,30.31,3.0162,1.6592,-21.3325,
002015.SZ,霞客环保,2006-06-23,3.4416,3.4393,3.5301,3.4098,3.5074,863972,13233133.8,0.0658,1.9129,15.3166,3.323,401700000,N/A,777444000,26000000,0,50320000,30.8898,3.0739,1.6909,-21.7406,
002015.SZ,霞客环保,2006-06-26,3.5074,3.5074,3.5641,3.4733,3.5619,870553,13485875.9,0.0545,1.5534,15.4912,3.3483,407940000,N/A,789520800,26000000,0,50320000,31.3696,3.1216,1.7172,-22.0783,
002015.SZ,霞客环保,2006-06-27,3.5619,3.6118,3.7367,3.5687,3.5937,1689791,27114593.1,0.0318,0.8923,16.0461,6.4992,411580000,N/A,796565600,26000000,0,50320000,31.6495,3.1495,1.7325,-22.2753,
002015.SZ,霞客环保,2006-06-28,3.5937,3.5755,3.6777,3.5324,3.5823,1052636,16742659.2,-0.0114,-0.3159,15.9055,4.0486,410280000,N/A,794049600,26000000,0,50320000,31.5496,3.1395,1.727,-22.205,
002015.SZ,霞客环保,2006-06-29,3.5823,3.5868,3.7004,3.5823,3.6254,1453682,23300041.9,0.0431,1.2041,16.0283,5.5911,415220000,N/A,803610400,26000000,0,50320000,31.9295,3.1773,1.7478,-22.4723,
002015.SZ,霞客环保,2006-06-30,3.6254,3.6322,3.6549,3.5187,3.5392,1739166,27321109.1,-0.0863,-2.3795,15.7093,6.6891,405340000,N/A,784488800,26000000,0,50320000,31.1697,3.1017,1.7062,-21.9376,
002015.SZ,霞客环保,2006-07-03,3.5392,3.6095,3.689,3.5619,3.6549,2644729,42338452.3,0.1158,3.2713,16.0086,10.172,418600000,N/A,810152000,26000000,0,50320000,32.1894,3.2032,1.762,-22.6553,
002015.SZ,霞客环保,2006-07-04,3.6549,3.6824,3.7463,3.495,3.5636,7315550,57936632.7,-0.0914,-2.5,7.9197,14.0684,405600000,N/A,784992000,52000000,0,100640000,31.1897,3.1037,1.7073,-21.9517,
002015.SZ,霞客环保,2006-07-05,3.5636,3.5499,3.6321,3.4768,3.6047,2634080,20563854.3,0.0411,1.1538,7.8068,5.0655,410280000,N/A,794049600,52000000,0,100640000,31.5496,3.1395,1.727,-22.205,
002015.SZ,霞客环保,2006-07-06,3.6047,3.5956,3.9611,3.5681,3.8742,7481447,62259227,0.2696,7.4778,8.3218,14.3874,440960000,N/A,853427200,52000000,0,100640000,33.9088,3.3743,1.8562,-23.8654,
002015.SZ,霞客环保,2006-07-07,3.8742,3.7874,3.8377,3.655,3.7143,8260990,67658579.8,-0.1599,-4.1274,8.1901,15.8865,422760000,N/A,818203200,52000000,0,100640000,32.5093,3.235,1.7796,-22.8804,
002015.SZ,霞客环保,2006-07-10,3.7143,3.6824,3.9199,3.6641,3.8925,5873698,49100398.6,0.1782,4.797,8.3594,11.2956,443040000,N/A,857452800,52000000,0,100640000,34.0687,3.3902,1.8649,-23.978,
002015.SZ,霞客环保,2006-07-11,3.8925,3.8971,4.226,3.8971,4.0524,7283637,65151773.5,0.1599,4.108,8.945,14.007,461240000,N/A,892676800,52000000,0,100640000,35.4683,3.5295,1.9415,-24.963,
002015.SZ,霞客环保,2006-07-12,4.0524,4.0204,4.1895,3.9885,4.1073,5154366,46122899.9,0.0548,1.3529,8.9483,9.9122,467480000,N/A,904753600,52000000,0,100640000,35.9481,3.5772,1.9678,-25.3007,
002015.SZ,霞客环保,2006-07-13,4.1073,4.1073,4.1073,3.6961,3.6961,7233322,60501275.7,-0.4112,-10.0111,8.3642,13.9102,420680000,N/A,814177600,52000000,0,100640000,32.3493,3.2191,1.7708,-22.7678,
002015.SZ,霞客环保,2006-07-14,3.6961,3.5819,3.8742,3.4768,3.7874,4827190,39246678.1,0.0914,2.4722,8.1303,9.2831,431080000,N/A,834305600,52000000,0,100640000,33.1491,3.2987,1.8146,-23.3307,
002015.SZ,霞客环保,2006-07-17,3.7874,3.7783,3.7783,3.6595,3.7463,2671274,21762146.4,-0.0411,-1.0856,8.1467,5.1371,426400000,N/A,825248000,52000000,0,100640000,32.7892,3.2629,1.7949,-23.0774,
002015.SZ,霞客环保,2006-07-18,3.7463,3.7829,3.7874,3.6001,3.6641,2673019,21490742.8,-0.0822,-2.1951,8.0399,5.1404,417040000,N/A,807132800,52000000,0,100640000,32.0694,3.1913,1.7555,-22.5708,
002015.SZ,霞客环保,2006-07-19,3.6641,3.6687,3.6778,3.4631,3.5407,2909680,22472697.9,-0.1234,-3.3666,7.7234,5.5955,403000000,N/A,779960000,52000000,0,100640000,30.9898,3.0838,1.6964,-21.811,
002015.SZ,霞客环保,2006-07-20,3.5407,3.5407,3.5773,3.4539,3.4631,2050679,15667052.6,-0.0777,-2.1935,7.6399,3.9436,394160000,N/A,762851200,52000000,0,100640000,30.31,3.0162,1.6592,-21.3325,
002015.SZ,霞客环保,2006-07-21,3.4631,3.4722,3.5727,3.4722,3.5499,1601656,12357586.6,0.0868,2.5066,7.7155,3.0801,404040000,N/A,781972800,52000000,0,100640000,31.0697,3.0918,1.7008,-21.8673,
002015.SZ,霞客环保,2006-07-24,3.5499,3.4265,3.5088,3.3763,3.4219,1810742,13536151.1,-0.1279,-3.6036,7.4755,3.4822,389480000,N/A,753793600,52000000,0,100640000,29.9501,2.9804,1.6395,-21.0793,
002015.SZ,霞客环保,2006-07-25,3.4219,3.4539,3.5179,3.4174,3.4859,1333553,10154880.3,0.064,1.8692,7.6149,2.5645,396760000,N/A,767883200,52000000,0,100640000,30.5099,3.0361,1.6701,-21.4733,
002015.SZ,霞客环保,2006-07-26,3.4859,3.4859,3.5225,3.4631,3.4996,1195158,9147821.7,0.0137,0.3932,7.6541,2.2984,398320000,N/A,770902400,52000000,0,100640000,30.6299,3.048,1.6767,-21.5577,
002015.SZ,霞客环保,2006-07-27,3.4996,3.4996,3.6504,3.4996,3.6321,3750449,29597943.8,0.1325,3.7859,7.8918,7.2124,413400000,N/A,800088000,52000000,0,100640000,31.7895,3.1634,1.7402,-22.3738,
002015.SZ,霞客环保,2006-07-28,3.6321,3.623,3.6275,3.4768,3.527,1776940,13764331.9,-0.1051,-2.8931,7.7461,3.4172,401440000,N/A,776940800,52000000,0,100640000,30.8698,3.0719,1.6898,-21.7265,
002015.SZ,霞客环保,2006-07-31,3.527,3.3945,3.4859,3.1798,3.1981,2456828,17714439.9,-0.3289,-9.3264,7.2103,4.7247,364000000,N/A,704480000,52000000,0,100640000,27.9908,2.7854,1.5322,-19.7002,
002015.SZ,霞客环保,2006-08-01,3.1981,3.1204,3.2483,2.9742,2.9742,2569572,17142583.1,-0.2239,-7,6.6714,4.9415,338520000,N/A,655166400,52000000,0,100640000,26.0314,2.5904,1.425,-18.3212,
002015.SZ,霞客环保,2006-08-02,2.9742,2.9696,3.0199,2.8372,2.924,1756120,11239347.5,-0.0503,-1.6897,6.4001,3.3772,332800000,N/A,644096000,52000000,0,100640000,25.5915,2.5466,1.4009,-18.0116,
002015.SZ,霞客环保,2006-08-03,2.924,2.9514,2.9696,2.8828,2.9514,933762,5987337.2,0.0274,0.9375,6.4121,1.7957,335920000,N/A,650134400,52000000,0,100640000,25.8315,2.5705,1.414,-18.1805,
002015.SZ,霞客环保,2006-08-04,2.9514,2.9514,2.9696,2.7503,2.7549,1125155,7130717.4,-0.1965,-6.6563,6.3375,2.1638,313560000,N/A,606859200,52000000,0,100640000,24.112,2.3994,1.3199,-16.9703,
002015.SZ,霞客环保,2006-08-07,2.7549,2.6635,2.7321,2.6042,2.627,1961711,11373269.7,-0.1279,-4.6434,5.7976,3.7725,299000000,N/A,578680000,52000000,0,100640000,22.9924,2.288,1.2586,-16.1823,
002015.SZ,霞客环保,2006-08-08,2.627,2.627,2.892,2.6133,2.892,3654207,22476354.3,0.265,10.087,6.1508,7.0273,329160000,N/A,637051200,52000000,0,100640000,25.3116,2.5188,1.3856,-17.8146,
002015.SZ,霞客环保,2006-08-09,2.892,2.9605,3.1752,2.892,3.0793,5598710,37446413.3,0.1873,6.4771,6.6884,10.7668,350480000,N/A,678313600,52000000,0,100640000,26.9511,2.6819,1.4753,-18.9685,
002015.SZ,霞客环保,2006-08-10,3.0793,3.029,3.0884,2.9834,3.0793,2332811,15535205.9,0,0,6.6594,4.4862,350480000,N/A,678313600,52000000,0,100640000,26.9511,2.6819,1.4753,-18.9685,
002015.SZ,霞客环保,2006-08-11,3.0793,3.061,3.2209,3.061,3.1113,2753944,19020565.4,0.032,1.0386,6.9067,5.296,354120000,N/A,685358400,52000000,0,100640000,27.231,2.7098,1.4906,-19.1655,
002015.SZ,霞客环保,2006-08-14,3.1113,3.1113,3.1113,2.892,2.892,2632356,17078796.7,-0.2193,-7.0485,6.488,5.0622,329160000,N/A,637051200,52000000,0,100640000,25.3116,2.5188,1.3856,-17.8146,
002015.SZ,霞客环保,2006-08-15,2.892,2.8372,2.9696,2.8052,2.9514,1434905,9094475.2,0.0594,2.0537,6.338,2.7594,335920000,N/A,650134400,52000000,0,100640000,25.8315,2.5705,1.414,-18.1805,
002015.SZ,霞客环保,2006-08-16,2.9514,2.9559,2.9879,2.9011,2.9788,1272630,8242401.9,0.0274,0.9288,6.4767,2.4474,339040000,N/A,656172800,52000000,0,100640000,26.0714,2.5944,1.4271,-18.3494,
002015.SZ,霞客环保,2006-08-17,2.9788,2.9788,2.9788,2.9011,2.9194,914802,5854251.9,-0.0594,-1.9939,6.3995,1.7592,332280000,N/A,643089600,52000000,0,100640000,25.5516,2.5427,1.3987,-17.9835,
002015.SZ,霞客环保,2006-08-18,2.9194,2.9011,2.9422,2.86,2.8691,893702,5637401.9,-0.0503,-1.7214,6.3079,1.7187,326560000,N/A,632019200,52000000,0,100640000,25.1117,2.4989,1.3746,-17.6739,
002015.SZ,霞客环保,2006-08-21,2.8691,2.7458,2.86,2.6955,2.86,1269631,7765156,-0.0091,-0.3185,6.1161,2.4416,325520000,N/A,630006400,52000000,0,100640000,25.0317,2.4909,1.3702,-17.6176,
002015.SZ,霞客环保,2006-08-22,2.86,2.86,3.0153,2.8097,3.0153,2357875,15106316.3,0.1553,5.4313,6.4068,4.5344,343200000,N/A,664224000,52000000,0,100640000,26.3913,2.6262,1.4447,-18.5745,
002015.SZ,霞客环保,2006-08-23,3.0153,2.9925,3.1204,2.9605,3.0565,2402140,15985268.5,0.0411,1.3636,6.6546,4.6195,347880000,N/A,673281600,52000000,0,100640000,26.7512,2.662,1.4644,-18.8278,
002015.SZ,霞客环保,2006-08-24,3.0565,3.0565,3.1067,2.9834,3.0747,1613349,10800896.5,0.0183,0.5979,6.6947,3.1026,349960000,N/A,677307200,52000000,0,100640000,26.9111,2.678,1.4731,-18.9404,
002015.SZ,霞客环保,2006-08-25,3.0747,3.0153,3.061,3.0108,3.029,1224270,8122649.4,-0.0457,-1.4859,6.6347,2.3544,344760000,N/A,667243200,52000000,0,100640000,26.5112,2.6382,1.4512,-18.6589,
002015.SZ,霞客环保,2006-08-28,3.029,3.0427,3.1021,3.0336,3.093,1579175,10651837.7,0.064,2.1116,6.7452,3.0369,352040000,N/A,681332800,52000000,0,100640000,27.0711,2.6939,1.4819,-19.0529,
002015.SZ,霞客环保,2006-08-29,3.093,3.1158,3.2072,3.0702,3.1113,2529390,17342705.2,0.0183,0.5908,6.8565,4.8642,354120000,N/A,685358400,52000000,0,100640000,27.231,2.7098,1.4906,-19.1655,
002015.SZ,霞客环保,2006-08-30,3.1113,3.0976,3.1433,3.0382,3.1204,1319465,8955280.5,0.0091,0.2937,6.7871,2.5374,355160000,N/A,687371200,52000000,0,100640000,27.311,2.7177,1.495,-19.2218,
002015.SZ,霞客环保,2006-08-31,3.1204,3.1158,3.1844,3.061,3.1661,2011562,13795060.3,0.0457,1.4641,6.8579,3.8684,360360000,N/A,697435200,52000000,0,100640000,27.7108,2.7575,1.5169,-19.5032,
002015.SZ,霞客环保,2006-09-01,3.1661,3.1798,3.2392,3.1067,3.1204,2697370,18764441.3,-0.0457,-1.443,6.9566,5.1873,355160000,N/A,687371200,52000000,0,100640000,27.311,2.7177,1.495,-19.2218,
002015.SZ,霞客环保,2006-09-04,3.1204,3.1204,3.2164,3.0702,3.1981,1931284,13405543.6,0.0777,2.489,6.9413,3.714,364000000,N/A,704480000,52000000,0,100640000,27.9908,2.7854,1.5322,-19.7002,
002015.SZ,霞客环保,2006-09-05,3.1981,3.2209,3.2209,3.1067,3.1204,1452230,9989512.9,-0.0777,-2.4286,6.8787,2.7928,355160000,N/A,687371200,52000000,0,100640000,27.311,2.7177,1.495,-19.2218,
002015.SZ,霞客环保,2006-09-06,3.1204,3.1113,3.1615,3.0747,3.093,922101,6271518.2,-0.0274,-0.8785,6.8013,1.7733,352040000,N/A,681332800,52000000,0,100640000,27.0711,2.6939,1.4819,-19.0529,
002015.SZ,霞客环保,2006-09-07,3.093,3.1067,3.1935,3.0427,3.1387,1743227,11887700.5,0.0457,1.4771,6.8194,3.3524,357240000,N/A,691396800,52000000,0,100640000,27.4709,2.7337,1.5038,-19.3344,
002015.SZ,霞客环保,2006-09-08,3.1387,3.1204,3.1433,3.0976,3.1204,1091558,7461645.3,-0.0183,-0.5822,6.8358,2.0991,355160000,N/A,687371200,52000000,0,100640000,27.311,2.7177,1.495,-19.2218,
002015.SZ,霞客环保,2006-09-11,3.1204,3.125,3.1296,3.0336,3.0702,749749,5034003.8,-0.0503,-1.6105,6.7143,1.4418,349440000,N/A,676300800,52000000,0,100640000,26.8711,2.674,1.4709,-18.9122,
002015.SZ,霞客环保,2006-09-12,3.0702,3.0427,3.1433,3.0427,3.125,952539,6456885.2,0.0548,1.7857,6.7786,1.8318,355680000,N/A,688377600,52000000,0,100640000,27.351,2.7217,1.4972,-19.2499,
002015.SZ,霞客环保,2006-09-13,3.125,3.1158,3.1387,3.0656,3.0702,1001760,6803672.9,-0.0548,-1.7544,6.7917,1.9265,349440000,N/A,676300800,52000000,0,100640000,26.8711,2.674,1.4709,-18.9122,
002015.SZ,霞客环保,2006-09-14,3.0702,3.0702,3.1021,3.0382,3.0976,1056828,7102138.9,0.0274,0.8929,6.7202,2.0324,352560000,N/A,682339200,52000000,0,100640000,27.111,2.6978,1.4841,-19.0811,
002015.SZ,霞客环保,2006-09-15,3.0976,3.1524,3.3123,3.1478,3.3077,6317607,44933858.6,0.2102,6.7847,7.1125,12.1492,376480000,N/A,728633600,52000000,0,100640000,28.9504,2.8809,1.5847,-20.3757,
002015.SZ,霞客环保,2006-09-18,3.3077,3.2986,3.3032,3.2301,3.2757,2822405,20133120.1,-0.032,-0.9669,7.1333,5.4277,372840000,N/A,721588800,52000000,0,100640000,28.6705,2.853,1.5694,-20.1787,
002015.SZ,霞客环保,2006-09-19,3.2757,3.2712,3.3077,3.2392,3.2757,1864451,13328877.9,0,0,7.149,3.5855,372840000,N/A,721588800,52000000,0,100640000,28.6705,2.853,1.5694,-20.1787,
002015.SZ,霞客环保,2006-09-20,3.2757,3.2895,3.2895,3.2209,3.2301,1304353,9244972.8,-0.0457,-1.3947,7.0878,2.5084,367640000,N/A,711524800,52000000,0,100640000,28.2707,2.8132,1.5475,-19.8972,
002015.SZ,霞客环保,2006-09-21,3.2301,3.2438,3.2803,3.2346,3.2666,1429009,10199799.5,0.0365,1.1315,7.1377,2.7481,371800000,N/A,719576000,52000000,0,100640000,28.5906,2.8451,1.565,-20.1224,
002015.SZ,霞客环保,2006-09-22,3.2666,3.2666,3.2757,3.1433,3.1981,1934918,13546719.3,-0.0685,-2.0979,7.0012,3.721,364000000,N/A,704480000,52000000,0,100640000,27.9908,2.7854,1.5322,-19.7002,
002015.SZ,霞客环保,2006-09-25,3.1981,3.1981,3.1981,3.1113,3.1296,879139,6042342.5,-0.0685,-2.1429,6.873,1.6907,356200000,N/A,689384000,52000000,0,100640000,27.391,2.7257,1.4994,-19.2781,
002015.SZ,霞客环保,2006-09-26,3.1296,3.1158,3.1433,3.0747,3.093,584064,3963239.6,-0.0365,-1.1679,6.7856,1.1232,352040000,N/A,681332800,52000000,0,100640000,27.0711,2.6939,1.4819,-19.0529,
002015.SZ,霞客环保,2006-09-27,3.093,3.093,3.1341,3.0656,3.1296,571485,3874421.8,0.0365,1.1817,6.7796,1.099,356200000,N/A,689384000,52000000,0,100640000,27.391,2.7257,1.4994,-19.2781,
002015.SZ,霞客环保,2006-09-28,3.1296,3.1296,3.157,3.1067,3.1433,714553,4907928.5,0.0137,0.438,6.8685,1.3741,357760000,N/A,692403200,52000000,0,100640000,27.5109,2.7376,1.5059,-19.3625,
002015.SZ,霞客环保,2006-09-29,3.1433,3.1113,3.157,3.1113,3.1433,778620,5348802.9,0,0,6.8696,1.4973,357760000,N/A,692403200,52000000,0,100640000,27.5109,2.7376,1.5059,-19.3625,
002015.SZ,霞客环保,2006-10-09,3.1433,3.1615,3.2209,3.1387,3.2118,1188532,8261722.1,0.0685,2.1802,6.9512,2.2856,365560000,N/A,707499200,52000000,0,100640000,28.1107,2.7973,1.5388,-19.7847,
002015.SZ,霞客环保,2006-10-10,3.2118,3.2072,3.2118,3.1615,3.1981,1202604,8391030.4,-0.0137,-0.4267,6.9774,2.3127,364000000,N/A,704480000,52000000,0,100640000,27.9908,2.7854,1.5322,-19.7002,
002015.SZ,霞客环保,2006-10-11,3.1981,3.1981,3.3032,3.1935,3.2986,2347138,16703820.9,0.1005,3.1429,7.1167,4.5137,375440000,N/A,726620800,52000000,0,100640000,28.8705,2.8729,1.5804,-20.3194,
002015.SZ,霞客环保,2006-10-12,3.2986,3.2895,3.39,3.2666,3.2757,3115055,22724150,-0.0228,-0.6925,7.2949,5.9905,372840000,N/A,721588800,52000000,0,100640000,28.6705,2.853,1.5694,-20.1787,
002015.SZ,霞客环保,2006-10-13,3.2757,3.2666,3.3306,3.2483,3.2666,1133156,8130712.7,-0.0091,-0.2789,7.1753,2.1791,371800000,N/A,719576000,52000000,0,100640000,28.5906,2.8451,1.565,-20.1224,
002015.SZ,霞客环保,2006-10-16,3.2666,3.2712,3.3077,3.2072,3.2164,993092,7049011.9,-0.0503,-1.5385,7.098,1.9098,366080000,N/A,708505600,52000000,0,100640000,28.1507,2.8013,1.541,-19.8128,
002015.SZ,霞客环保,2006-10-17,3.2164,3.2164,3.2301,3.1478,3.1981,1254884,8728400.8,-0.0183,-0.5682,6.9555,2.4132,364000000,N/A,704480000,52000000,0,100640000,27.9908,2.7854,1.5322,-19.7002,
002015.SZ,霞客环保,2006-10-18,3.1981,3.2072,3.2301,3.1752,3.2255,580447,4076916.9,0.0274,0.8571,7.0238,1.1162,367120000,N/A,710518400,52000000,0,100640000,28.2307,2.8093,1.5453,-19.8691,
002015.SZ,霞客环保,2006-10-19,3.2255,3.2255,3.3671,3.2255,3.3351,2359702,17026846.8,0.1096,3.3994,7.2157,4.5379,379600000,N/A,734672000,52000000,0,100640000,29.1904,2.9048,1.5979,-20.5445,
002015.SZ,霞客环保,2006-10-20,3.3351,3.3351,3.3717,3.2895,3.3717,2523230,18478215.1,0.0365,1.0959,7.3232,4.8524,383760000,N/A,742723200,52000000,0,100640000,29.5103,2.9366,1.6154,-20.7697,
002015.SZ,霞客环保,2006-10-23,3.3717,3.4037,3.4128,3.2346,3.262,2738593,19825948.8,-0.1096,-3.252,7.2395,5.2665,371280000,N/A,718569600,52000000,0,100640000,28.5506,2.8411,1.5629,-20.0942,
002015.SZ,霞客环保,2006-10-24,3.262,3.2026,3.3123,3.1981,3.2986,1238278,8840480.8,0.0365,1.1204,7.1393,2.3813,375440000,N/A,726620800,52000000,0,100640000,28.8705,2.8729,1.5804,-20.3194,
002015.SZ,霞客环保,2006-10-25,3.2986,3.2986,3.3443,3.2438,3.3443,2645245,19179065.5,0.0457,1.385,7.2504,5.087,380640000,N/A,736684800,52000000,0,100640000,29.2703,2.9127,1.6023,-20.6008,
002015.SZ,霞客环保,2006-10-26,3.3443,3.3488,3.6093,3.3397,3.4494,8023305,61236475.2,0.1051,3.1421,7.6323,15.4294,392600000,N/A,759832000,52000000,0,100640000,30.19,3.0042,1.6526,-21.2481,
002015.SZ,霞客环保,2006-10-27,3.4494,3.4219,3.4219,3.2164,3.3214,2766179,20115017.1,-0.1279,-3.7086,7.2718,5.3196,378040000,N/A,731652800,52000000,0,100640000,29.0704,2.8928,1.5913,-20.4601,
002015.SZ,霞客环保,2006-10-30,3.3214,3.2483,3.3534,3.2209,3.2712,1284429,9184742.5,-0.0503,-1.5131,7.1508,2.4701,372320000,N/A,720582400,52000000,0,100640000,28.6305,2.8491,1.5672,-20.1505,
002015.SZ,霞客环保,2006-10-31,3.2712,3.3032,3.3032,3.2438,3.2803,1060808,7617859.8,0.0091,0.2793,7.1812,2.04,373360000,N/A,722595200,52000000,0,100640000,28.7105,2.857,1.5716,-20.2068,
002015.SZ,霞客环保,2006-11-01,3.2803,3.2803,3.2803,3.2301,3.2666,1236752,8789801.4,-0.0137,-0.4178,7.1072,2.3784,371800000,N/A,719576000,52000000,0,100640000,28.5906,2.8451,1.565,-20.1224,
002015.SZ,霞客环保,2006-11-02,3.2666,3.2803,3.2986,3.2346,3.2895,1149073,8174105.9,0.0228,0.6993,7.1137,2.2098,374400000,N/A,724608000,52000000,0,100640000,28.7905,2.865,1.576,-20.2631,
002015.SZ,霞客环保,2006-11-03,3.2895,3.2712,3.2849,3.2483,3.262,843968,6036065.5,-0.0274,-0.8333,7.152,1.623,371280000,N/A,718569600,52000000,0,100640000,28.5506,2.8411,1.5629,-20.0942,
002015.SZ,霞客环保,2006-11-06,3.262,3.2164,3.2575,3.1981,3.2026,1388033,9767318.3,-0.0594,-1.8207,7.0368,2.6693,364520000,N/A,705486400,52000000,0,100640000,28.0307,2.7894,1.5344,-19.7284,
002015.SZ,霞客环保,2006-11-07,3.2026,3.2026,3.2026,3.0884,3.1158,1865190,12766297.4,-0.0868,-2.7104,6.8445,3.5869,354640000,N/A,686364800,52000000,0,100640000,27.271,2.7138,1.4928,-19.1937,
002015.SZ,霞客环保,2006-11-08,3.1158,3.1067,3.1113,3.0656,3.0976,906282,6120676.5,-0.0183,-0.5865,6.7536,1.7429,352560000,N/A,682339200,52000000,0,100640000,27.111,2.6978,1.4841,-19.0811,
002015.SZ,霞客环保,2006-11-09,3.0976,3.093,3.1433,3.093,3.125,777868,5320099.7,0.0274,0.885,6.8393,1.4959,355680000,N/A,688377600,52000000,0,100640000,27.351,2.7217,1.4972,-19.2499,
002015.SZ,霞客环保,2006-11-10,3.125,3.1296,3.1661,3.0382,3.061,754980,5112586.9,-0.064,-2.0468,6.7718,1.4519,348400000,N/A,674288000,52000000,0,100640000,26.7912,2.666,1.4665,-18.8559,
002015.SZ,霞客环保,2006-11-13,3.061,3.0427,3.0427,2.8143,2.8143,1464380,9271821.5,-0.2467,-8.0597,6.3316,2.8161,320320000,N/A,619942400,52000000,0,100640000,24.6319,2.4511,1.3483,-17.3362,
002015.SZ,霞客环保,2006-11-14,2.8143,2.8143,2.8783,2.7915,2.8783,812597,5053353.8,0.064,2.2727,6.2188,1.5627,327600000,N/A,634032000,52000000,0,100640000,25.1917,2.5068,1.379,-17.7302,
002015.SZ,霞客环保,2006-11-15,2.8783,2.8783,2.924,2.8554,2.8965,641578,4078792.2,0.0183,0.6349,6.3574,0.9217,441314808.76,N/A,638057600,69608014,0,100640000,25.3516,2.5228,1.3877,-17.8428,
002015.SZ,霞客环保,2006-11-16,2.8965,2.8965,2.9331,2.8234,2.8234,903310,5652083.2,-0.0731,-2.5237,6.2571,1.2977,430177526.52,N/A,621955200,69608014,0,100640000,24.7118,2.4591,1.3527,-17.3925,
002015.SZ,霞客环保,2006-11-17,2.8234,2.8097,2.828,2.7869,2.828,605419,3716846.7,0.0046,0.1618,6.1393,0.8698,430873606.66,N/A,622961600,69608014,0,100640000,24.7518,2.4631,1.3549,-17.4206,
002015.SZ,霞客环保,2006-11-20,2.828,2.828,2.86,2.7641,2.7732,912140,5564170.1,-0.0548,-1.9386,6.1001,1.3104,422520644.98,N/A,610884800,69608014,0,100640000,24.272,2.4153,1.3286,-17.0829,
002015.SZ,霞客环保,2006-11-21,2.7732,2.7869,2.8646,2.6864,2.8326,1053141,6405749.7,0.0594,2.1417,6.0825,1.513,431569686.8,N/A,623968000,69608014,0,100640000,24.7918,2.4671,1.3571,-17.4488,
002015.SZ,霞客环保,2006-11-22,2.8326,2.8326,2.9148,2.7412,2.8554,1599747,9912133.8,0.0228,0.8065,6.1961,2.2982,435050087.5,N/A,629000000,69608014,0,100640000,24.9917,2.487,1.368,-17.5895,
002015.SZ,霞客环保,2006-11-23,2.8554,2.8783,2.892,2.828,2.8783,903903,5651805.6,0.0228,0.8,6.2527,1.2986,438530488.2,N/A,634032000,69608014,0,100640000,25.1917,2.5068,1.379,-17.7302,
002015.SZ,霞客环保,2006-11-24,2.8783,2.8828,2.8874,2.828,2.8646,910948,5694878.8,-0.0137,-0.4762,6.2516,1.3087,436442247.78,N/A,631012800,69608014,0,100640000,25.0717,2.4949,1.3724,-17.6458,
002015.SZ,霞客环保,2006-11-27,2.8646,2.8554,2.9331,2.8372,2.9285,2066004,13081482.8,0.064,2.2329,6.3318,2.9681,446187369.74,N/A,645102400,69608014,0,100640000,25.6315,2.5506,1.4031,-18.0398,
002015.SZ,霞客环保,2006-11-28,2.9285,2.9559,2.9971,2.8965,2.9148,2296760,14760491.7,-0.0137,-0.468,6.4267,3.2996,444099129.32,N/A,642083200,69608014,0,100640000,25.5116,2.5387,1.3965,-17.9554,
002015.SZ,霞客环保,2006-11-29,2.9148,2.9148,2.924,2.8737,2.8965,1518072,9629679,-0.0183,-0.627,6.3434,2.1809,441314808.76,N/A,638057600,69608014,0,100640000,25.3516,2.5228,1.3877,-17.8428,
002015.SZ,霞客环保,2006-11-30,2.8965,2.8965,2.9285,2.8783,2.9103,1925598,12274967.1,0.0137,0.4732,6.3746,2.7663,443403049.18,N/A,641076800,69608014,0,100640000,25.4716,2.5347,1.3943,-17.9272,
002015.SZ,霞客环保,2006-12-01,2.9103,2.9103,2.9285,2.8554,2.8737,2731288,17183867,-0.0365,-1.2559,6.2915,3.9238,437834408.06,N/A,633025600,69608014,0,100640000,25.1517,2.5029,1.3768,-17.7021,
002015.SZ,霞客环保,2006-12-04,2.8737,2.8737,2.9331,2.8509,2.9148,2663916,16930749.4,0.0411,1.4308,6.3556,3.827,444099129.32,N/A,642083200,69608014,0,100640000,25.5116,2.5387,1.3965,-17.9554,
002015.SZ,霞客环保,2006-12-05,2.9148,2.9285,3.0016,2.8783,2.9925,4053248,26182033.2,0.0777,2.6646,6.4595,5.823,455932491.7,N/A,659192000,69608014,0,100640000,26.1914,2.6063,1.4337,-18.4338,
002015.SZ,霞客环保,2006-12-06,2.9925,2.9788,2.9834,2.86,2.9148,2860671,18313659.6,-0.0777,-2.5954,6.4019,4.1097,444099129.32,N/A,642083200,69608014,0,100640000,25.5116,2.5387,1.3965,-17.9554,
002015.SZ,霞客环保,2006-12-07,2.9148,2.9194,3.093,2.9194,3.0153,5513833,36602035.7,0.1005,3.4483,6.6382,7.9213,459412892.4,N/A,664224000,69608014,0,100640000,26.3913,2.6262,1.4447,-18.5745,
002015.SZ,霞客环保,2006-12-08,3.0153,2.9925,2.9925,2.8783,2.8783,1985450,12721422.2,-0.1371,-4.5455,6.4073,2.8523,438530488.2,N/A,634032000,69608014,0,100640000,25.1917,2.5068,1.379,-17.7302,
002015.SZ,霞客环保,2006-12-11,2.8783,2.8737,2.9377,2.8463,2.9148,1456094,9236889.7,0.0365,1.2698,6.3436,2.0918,444099129.32,N/A,642083200,69608014,0,100640000,25.5116,2.5387,1.3965,-17.9554,
002015.SZ,霞客环保,2006-12-12,2.9148,2.9148,2.9148,2.8372,2.8646,1917951,12032380,-0.0503,-1.7241,6.2736,2.7554,436442247.78,N/A,631012800,69608014,0,100640000,25.0717,2.4949,1.3724,-17.6458,
002015.SZ,霞客环保,2006-12-13,2.8646,2.8646,2.8783,2.8189,2.8372,1443278,8972791.7,-0.0274,-0.9569,6.217,2.0734,432265766.94,N/A,624974400,69608014,0,100640000,24.8318,2.471,1.3593,-17.4769,
002015.SZ,霞客环保,2006-12-14,2.8372,2.8554,2.9194,2.8189,2.9103,1364598,8536447.2,0.0731,2.5765,6.2556,1.9604,443403049.18,N/A,641076800,69608014,0,100640000,25.4716,2.5347,1.3943,-17.9272,
002015.SZ,霞客环保,2006-12-15,2.9103,2.9194,2.924,2.8783,2.9057,1334702,8458183.3,-0.0046,-0.157,6.3371,1.9175,442706969.04,N/A,640070400,69608014,0,100640000,25.4316,2.5307,1.3921,-17.8991,
002015.SZ,霞客环保,2006-12-18,2.9057,2.9057,2.9971,2.8965,2.9925,3414660,22138218.2,0.0868,2.9874,6.4833,4.9056,455932491.7,N/A,659192000,69608014,0,100640000,26.1914,2.6063,1.4337,-18.4338,
002015.SZ,霞客环保,2006-12-19,2.9925,3.0016,3.2895,3.0016,3.2164,8393757,56878713.4,0.2239,7.4809,6.7763,12.0586,490040418.56,N/A,708505600,69608014,0,100640000,28.1507,2.8013,1.541,-19.8128,
002015.SZ,霞客环保,2006-12-20,3.2164,3.1981,3.2712,3.0884,3.2392,4608781,32240796.8,0.0228,0.7102,6.9955,6.621,493520819.26,N/A,713537600,69608014,0,100640000,28.3506,2.8212,1.5519,-19.9535,
002015.SZ,霞客环保,2006-12-21,3.2392,3.2346,3.2346,3.0839,3.1021,3788141,26317748.1,-0.1371,-4.2313,6.9474,5.4421,472638415.06,N/A,683345600,69608014,0,100640000,27.151,2.7018,1.4862,-19.1092,
002015.SZ,霞客环保,2006-12-22,3.1021,3.0702,3.1387,3.0473,3.1158,1746723,11829049.6,0.0137,0.4418,6.7721,2.5094,474726655.48,N/A,686364800,69608014,0,100640000,27.271,2.7138,1.4928,-19.1937,
002015.SZ,霞客环保,2006-12-25,3.1158,3.1158,3.2803,3.1158,3.1524,3902037,27428514.9,0.0365,1.173,7.0293,5.6057,480295296.6,N/A,694416000,69608014,0,100640000,27.5909,2.7456,1.5103,-19.4188,
002015.SZ,霞客环保,2006-12-26,3.1524,3.1296,3.1615,3.0062,3.029,2658473,17827683,-0.1234,-3.913,6.706,3.8192,461501132.82,N/A,667243200,69608014,0,100640000,26.5112,2.6382,1.4512,-18.6589,
002015.SZ,霞客环保,2006-12-27,3.029,3.0336,3.0519,2.9285,2.9285,3064700,19947207.8,-0.1005,-3.3183,6.5087,4.4028,446187369.74,N/A,645102400,69608014,0,100640000,25.6315,2.5506,1.4031,-18.0398,
002015.SZ,霞客环保,2006-12-28,2.9285,2.924,2.9696,2.8326,2.8372,2833870,17876239.6,-0.0914,-3.1201,6.3081,4.0712,432265766.94,N/A,624974400,69608014,0,100640000,24.8318,2.471,1.3593,-17.4769,
002015.SZ,霞客环保,2006-12-29,2.8372,2.8509,2.9057,2.8509,2.9011,1829984,11549008.4,0.064,2.2544,6.311,2.629,442010888.9,N/A,639064000,69608014,0,100640000,25.3916,2.5267,1.3899,-17.8709,
002015.SZ,霞客环保,2007-01-04,2.9011,2.9148,2.924,2.86,2.86,2293513,14424057.2,-0.0411,-1.4173,6.2891,3.2949,435746167.64,N/A,630006400,69608014,0,100640000,20.4758,2.2501,1.0371,10.4691,
002015.SZ,霞客环保,2007-01-05,2.86,2.86,2.9605,2.86,2.9468,1601693,10270637.3,0.0868,3.0351,6.4124,2.301,448971690.3,N/A,649128000,69608014,0,100640000,21.0973,2.3184,1.0685,10.7868,
002015.SZ,霞客环保,2007-01-08,2.9468,2.9468,3.157,2.924,3.1341,2944983,19707379.8,0.1873,6.3566,6.6918,4.2308,477510976.04,N/A,690390400,69608014,0,100640000,22.4383,2.4657,1.1365,11.4725,
002015.SZ,霞客环保,2007-01-09,3.1341,3.1341,3.1844,3.0839,3.1524,3672847,25135108.1,0.0183,0.5831,6.8435,5.2765,480295296.6,N/A,694416000,69608014,0,100640000,22.5692,2.4801,1.1431,11.5394,
002015.SZ,霞客环保,2007-01-10,3.1524,3.1524,3.2483,3.1067,3.2255,5186006,35840990.9,0.0731,2.3188,6.9111,7.4503,491432578.84,N/A,710518400,69608014,0,100640000,23.0925,2.5376,1.1696,11.807,
002015.SZ,霞客环保,2007-01-11,3.2255,3.2438,3.3717,3.2118,3.2575,7413255,53428652.3,0.032,0.9915,7.2072,10.65,496305139.82,N/A,717563200,69608014,0,100640000,23.3215,2.5628,1.1812,11.924,
002015.SZ,霞客环保,2007-01-12,3.2575,3.2438,3.3671,3.061,3.0656,4647457,32480945.5,-0.1919,-5.8906,6.989,6.6766,467069773.94,N/A,675294400,69608014,0,100640000,21.9477,2.4118,1.1116,11.2216,
002015.SZ,霞客环保,2007-01-15,3.0656,3.0565,3.1752,3.0245,3.1707,2956609,20252714.3,0.1051,3.4277,6.85,4.2475,483079617.16,N/A,698441600,69608014,0,100640000,22.7,2.4945,1.1497,11.6063,
002015.SZ,霞客环保,2007-01-16,3.1707,3.2438,3.2529,3.157,3.2209,3866078,27119482,0.0503,1.585,7.0147,5.5541,490736498.7,N/A,709512000,69608014,0,100640000,23.0598,2.534,1.1679,11.7903,
002015.SZ,霞客环保,2007-01-17,3.2209,3.2438,3.358,3.1752,3.358,7390042,53256208.1,0.1371,4.2553,7.2065,10.6167,511618902.9,N/A,739704000,69608014,0,100640000,24.0411,2.6419,1.2176,12.292,
002015.SZ,霞客环保,2007-01-18,3.358,3.3671,3.5727,3.3443,3.5681,8865392,66944942.7,0.2102,6.2585,7.5513,12.7362,543638589.34,N/A,785998400,69608014,0,100640000,25.5457,2.8072,1.2938,13.0613,
002015.SZ,霞客环保,2007-01-19,3.5681,3.6001,3.7737,3.6001,3.7143,9453514,76495053.9,0.1462,4.0973,8.0917,13.5811,565913153.82,N/A,818203200,69608014,0,100640000,26.5924,2.9222,1.3469,13.5964,
002015.SZ,霞客环保,2007-01-22,3.7143,3.7692,3.824,3.7006,3.8057,7672589,63031692.1,0.0914,2.46,8.2152,11.0226,579834756.62,N/A,838331200,69608014,0,100640000,27.2466,2.9941,1.38,13.9309,
002015.SZ,霞客环保,2007-01-23,3.8057,3.8149,3.8331,3.6093,3.7235,5912286,48059115.9,-0.0822,-2.1609,8.1287,8.4937,567305314.1,N/A,820216000,69608014,0,100640000,26.6578,2.9294,1.3502,13.6299,
002015.SZ,霞客环保,2007-01-24,3.7235,3.7235,3.8331,3.655,3.7783,5316760,43597393,0.0548,1.4724,8.2,7.6381,575658275.78,N/A,832292800,69608014,0,100640000,27.0503,2.9725,1.37,13.8306,
002015.SZ,霞客环保,2007-01-25,3.7783,3.7555,3.7555,3.4722,3.5042,5732375,45132157.7,-0.2741,-7.2551,7.8732,8.2352,533893467.38,N/A,771908800,69608014,0,100640000,25.0878,2.7569,1.2706,12.8271,
002015.SZ,霞客环保,2007-01-26,3.5042,3.4859,3.5453,3.2895,3.4813,4269588,31946905.8,-0.0228,-0.6519,7.4824,6.1338,530413066.68,N/A,766876800,69608014,0,100640000,24.9242,2.7389,1.2624,12.7435,
002015.SZ,霞客环保,2007-01-29,3.4813,3.495,3.591,3.4494,3.5864,3238958,25185097.9,0.1051,3.0184,7.7757,4.6531,546422909.9,N/A,790024000,69608014,0,100640000,25.6765,2.8216,1.3005,13.1282,
002015.SZ,霞客环保,2007-01-30,3.5864,3.6321,3.6367,3.5179,3.6001,3494951,27303815.8,0.0137,0.3822,7.8124,5.0209,548511150.32,N/A,793043200,69608014,0,100640000,25.7747,2.8324,1.3054,13.1783,
002015.SZ,霞客环保,2007-01-31,3.6001,3.6001,3.6458,3.3808,3.3945,2929883,22542585.1,-0.2056,-5.7107,7.694,4.2091,517187544.02,N/A,747755200,69608014,0,100640000,24.3028,2.6706,1.2309,12.4258,
002015.SZ,霞客环保,2007-02-01,3.3945,3.3991,3.4539,3.2895,3.4539,3810624,28169227.4,0.0594,1.7497,7.3923,5.4744,526236585.84,N/A,760838400,69608014,0,100640000,24.728,2.7173,1.2524,12.6432,
002015.SZ,霞客环保,2007-02-02,3.4539,3.4448,3.4996,3.3626,3.4082,2709916,20357374.1,-0.0457,-1.3228,7.5122,3.8931,519275784.44,N/A,750774400,69608014,0,100640000,24.4009,2.6814,1.2359,12.4759,
002015.SZ,霞客环保,2007-02-05,3.4082,3.3808,3.495,3.3808,3.4631,1568410,11862785.8,0.0548,1.6086,7.5636,2.2532,527628746.12,N/A,762851200,69608014,0,100640000,24.7934,2.7245,1.2557,12.6766,
002015.SZ,霞客环保,2007-02-06,3.4631,3.4631,3.623,3.4631,3.527,2908546,22554514.3,0.064,1.847,7.7546,4.1785,537373868.08,N/A,776940800,69608014,0,100640000,25.2513,2.7749,1.2789,12.9107,
002015.SZ,霞客环保,2007-02-07,3.527,3.5499,3.6093,3.5225,3.5453,2691872,20909098,0.0183,0.5181,7.7675,3.8672,540158188.64,N/A,780966400,69608014,0,100640000,25.3822,2.7892,1.2856,12.9776,
002015.SZ,霞客环保,2007-02-08,3.5453,3.5499,3.5864,3.4768,3.5864,3468467,26758734.1,0.0411,1.1598,7.7149,4.9829,546422909.9,N/A,790024000,69608014,0,100640000,25.6765,2.8216,1.3005,13.1282,
002015.SZ,霞客环保,2007-02-09,3.5864,3.5864,3.6275,3.5088,3.559,2773336,21676502.3,-0.0274,-0.7643,7.816,3.9842,542246429.06,N/A,783985600,69608014,0,100640000,25.4803,2.8,1.2905,13.0278,
002015.SZ,霞客环保,2007-02-12,3.559,3.591,3.6915,3.5544,3.6687,4312295,34319246.5,0.1096,3.0809,7.9585,6.1951,558952352.42,N/A,808139200,69608014,0,100640000,26.2653,2.8863,1.3303,13.4292,
002015.SZ,霞客环保,2007-02-13,3.6687,3.6869,3.7235,3.623,3.6732,3329094,26751283,0.0046,0.1245,8.0356,4.7826,559648432.56,N/A,809145600,69608014,0,100640000,26.298,2.8899,1.3319,13.4459,
002015.SZ,霞客环保,2007-02-14,3.6732,3.6778,3.7509,3.6458,3.7463,4460500,36261839.4,0.0731,1.99,8.1295,6.408,570785714.8,N/A,825248000,69608014,0,100640000,26.8213,2.9474,1.3584,13.7135,
002015.SZ,霞客环保,2007-02-15,3.7463,3.7692,4.121,3.7463,4.1027,7119485,60237247.6,0.3564,9.5122,8.4609,10.228,625079965.72,N/A,903747200,69608014,0,100640000,29.3726,3.2277,1.4877,15.0179,
002015.SZ,霞客环保,2007-02-16,4.1027,4.1073,4.2032,3.9885,4.0479,6855196,61265717.7,-0.0548,-1.3363,8.9371,9.8483,616727004.04,N/A,891670400,69608014,0,100640000,28.9801,3.1846,1.4678,14.8173,
002015.SZ,霞客环保,2007-02-26,4.0479,4.0204,4.2809,3.9885,4.2306,5652229,51751939.5,0.1827,4.5147,9.156,8.1201,644570209.64,N/A,931926400,69608014,0,100640000,30.2885,3.3284,1.5341,15.4862,
002015.SZ,霞客环保,2007-02-27,4.2306,4.2306,4.2306,4.2306,4.2306,N/A,N/A,0,0,N/A,N/A,644570209.64,N/A,931926400,69608014,0,100640000,30.2885,3.3284,1.5341,15.4862,
002015.SZ,霞客环保,2007-02-28,4.2306,3.8057,4.2672,3.8057,4.1849,9158947,80266953.3,-0.0457,-1.0799,8.7638,13.1579,637609408.24,N/A,921862400,69608014,0,100640000,29.9614,3.2924,1.5175,15.319,
002015.SZ,霞客环保,2007-03-01,4.1849,4.1712,4.1712,3.8834,3.9336,6550921,57160695.3,-0.2513,-6.0044,8.7256,9.4112,599325000.54,N/A,866510400,69608014,0,100640000,28.1624,3.0947,1.4264,14.3992,
002015.SZ,霞客环保,2007-03-02,3.9336,3.9291,4.2443,3.9291,4.2397,6313324,56130799.6,0.3061,7.7816,8.8908,9.0698,645962369.92,N/A,933939200,69608014,0,100640000,30.3539,3.3356,1.5374,15.5197,
002015.SZ,霞客环保,2007-03-05,4.2397,4.2534,4.5321,4.1803,4.4408,11305212,108684308.8,0.201,4.7414,9.6136,16.2413,676589896.08,N/A,978220800,69608014,0,100640000,31.7931,3.4937,1.6103,16.2555,
002015.SZ,霞客环保,2007-03-06,4.4408,4.4545,4.4545,4.2763,4.3128,4445501,42222481.8,-0.1279,-2.8807,9.4978,6.3865,657099652.16,N/A,950041600,69608014,0,100640000,30.8773,3.3931,1.5639,15.7872,
002015.SZ,霞客环保,2007-03-07,4.3128,4.2991,4.4042,4.2991,4.3357,3582309,34020037.6,0.0228,0.5297,9.4967,5.1464,660580052.86,N/A,955073600,69608014,0,100640000,31.0408,3.4111,1.5722,15.8709,
002015.SZ,霞客环保,2007-03-08,4.3357,4.3174,4.4042,4.2534,4.3768,3721633,35212418,0.0411,0.9484,9.4616,5.3466,666844774.12,N/A,964131200,69608014,0,100640000,31.3352,3.4434,1.5871,16.0214,
002015.SZ,霞客环保,2007-03-09,4.3768,4.3768,4.3859,4.2032,4.226,4206616,39279669.1,-0.1508,-3.4447,9.3376,6.0433,643874129.5,N/A,930920000,69608014,0,100640000,30.2558,3.3248,1.5324,15.4695,
002015.SZ,霞客环保,2007-03-12,4.226,4.2489,4.3174,4.0296,4.3128,5875917,53367502.2,0.0868,2.0541,9.0824,8.4414,657099652.16,N/A,950041600,69608014,0,100640000,30.8773,3.3931,1.5639,15.7872,
002015.SZ,霞客环保,2007-03-13,4.3128,4.2946,4.3037,4.1941,4.2626,3640052,33879667.1,-0.0503,-1.1653,9.3075,5.2294,649442770.62,N/A,938971200,69608014,0,100640000,30.5175,3.3535,1.5457,15.6033,
002015.SZ,霞客环保,2007-03-14,4.2626,4.2443,4.2443,4.1118,4.1621,3687349,33660593,-0.1005,-2.358,9.1287,5.2973,634129007.54,N/A,916830400,69608014,0,100640000,29.7979,3.2745,1.5092,15.2353,
002015.SZ,霞客环保,2007-03-15,4.1621,4.1621,4.2854,4.1529,4.226,3596068,33353977.1,0.064,1.5368,9.2751,5.1662,643874129.5,N/A,930920000,69608014,0,100640000,30.2558,3.3248,1.5324,15.4695,
002015.SZ,霞客环保,2007-03-16,4.226,4.2672,4.4316,4.2352,4.3128,7722061,73265564.7,0.0868,2.0541,9.4878,11.0936,657099652.16,N/A,950041600,69608014,0,100640000,30.8773,3.3931,1.5639,15.7872,
002015.SZ,霞客环保,2007-03-19,4.3128,4.2306,4.4453,4.1301,4.4316,6606437,62837542.8,0.1188,2.7542,9.5116,9.4909,675197735.8,N/A,976208000,69608014,0,100640000,31.7277,3.4865,1.6069,16.2221,
002015.SZ,霞客环保,2007-03-20,4.4316,4.4727,4.4773,4.3448,4.4225,3955356,38215958.6,-0.0091,-0.2062,9.6618,5.6823,673805575.52,N/A,974195200,69608014,0,100640000,31.6623,3.4793,1.6036,16.1886,
002015.SZ,霞客环保,2007-03-21,4.4225,4.4773,4.6601,4.4773,4.5687,6720189,67330721.6,0.1462,3.3058,10.0192,9.6543,696080140,N/A,1006400000,69608014,0,100640000,32.709,3.5944,1.6566,16.7238,
002015.SZ,霞客环保,2007-03-22,4.5687,4.5458,4.6372,4.4773,4.491,5544869,55131688.9,-0.0777,-1.7,9.9428,7.9658,684246777.62,N/A,989291200,69608014,0,100640000,32.1529,3.5333,1.6285,16.4395,
002015.SZ,霞客环保,2007-03-23,4.491,4.4865,4.5184,4.3403,4.5047,4659195,45248180.6,0.0137,0.3052,9.7116,6.6935,686335018.04,N/A,992310400,69608014,0,100640000,32.251,3.544,1.6335,16.4896,
002015.SZ,霞客环保,2007-03-26,4.5047,4.5139,4.6509,4.5002,4.6052,5618751,56241603.3,0.1005,2.2312,10.0096,8.072,701648781.12,N/A,1014451200,69608014,0,100640000,32.9706,3.6231,1.6699,16.8576,
002015.SZ,霞客环保,2007-03-27,4.6052,4.6052,4.6555,4.5321,4.6509,5348618,54040184.4,0.0457,0.9921,10.1036,7.6839,708609582.52,N/A,1024515200,69608014,0,100640000,33.2977,3.6591,1.6865,17.0248,
002015.SZ,霞客环保,2007-03-28,4.6509,4.6555,4.7834,4.3403,4.6007,6436483,64970399.9,-0.0503,-1.0806,10.0941,9.2468,700952700.98,N/A,1013444800,69608014,0,100640000,32.9379,3.6195,1.6682,16.8408,
002015.SZ,霞客环保,2007-03-29,4.6007,4.5915,4.6007,4.3722,4.3768,5452269,53373215.3,-0.2239,-4.8659,9.7892,7.8328,666844774.12,N/A,964131200,69608014,0,100640000,31.3352,3.4434,1.5871,16.0214,
002015.SZ,霞客环保,2007-03-30,4.3768,4.3403,4.4682,4.2854,4.4316,2603208,25097698.9,0.0548,1.2526,9.6411,3.7398,675197735.8,N/A,976208000,69608014,0,100640000,31.7277,3.4865,1.6069,16.2221,
002015.SZ,霞客环保,2007-04-02,4.4316,4.4316,4.5002,4.4316,4.491,3072584,30086865.9,0.0594,1.3402,9.792,4.4141,684246777.62,N/A,989291200,69608014,0,100640000,32.1529,3.5333,1.6285,16.4395,
002015.SZ,霞客环保,2007-04-03,4.491,4.5047,4.5139,4.4088,4.4727,3527103,34374684,-0.0183,-0.4069,9.7459,5.0671,681462457.06,N/A,985265600,69608014,0,100640000,32.0221,3.5189,1.6219,16.3726,
002015.SZ,霞客环保,2007-04-04,4.4727,4.4727,4.6326,4.4727,4.6326,5016164,50053970.5,0.1599,3.5751,9.9785,7.2063,705825261.96,N/A,1020489600,69608014,0,100640000,33.1669,3.6447,1.6798,16.9579,
002015.SZ,霞客环保,2007-04-05,4.6326,4.6326,4.788,4.5961,4.7012,6058818,62552743.6,0.0685,1.4793,10.3242,8.7042,716266464.06,N/A,1035585600,69608014,0,100640000,33.6575,3.6986,1.7047,17.2088,
002015.SZ,霞客环保,2007-04-06,4.7012,4.6829,4.9342,4.6372,4.9022,8430942,89206350.8,0.201,4.276,10.5808,12.112,746893990.22,N/A,1079867200,69608014,0,100640000,35.0967,3.8568,1.7776,17.9446,
002015.SZ,霞客环保,2007-04-09,4.9022,4.9022,4.957,4.8017,4.8702,6157990,65830176.4,-0.032,-0.6524,10.6902,8.8467,742021429.24,N/A,1072822400,69608014,0,100640000,34.8677,3.8316,1.766,17.8275,
002015.SZ,霞客环保,2007-04-10,4.8702,4.8748,5.19,4.8748,5.0987,7122292,79003747.7,0.2284,4.6904,11.0925,10.232,776825436.24,N/A,1123142400,69608014,0,100640000,36.5032,4.0113,1.8488,18.6637,
002015.SZ,霞客环保,2007-04-11,5.0987,5.1124,5.5966,5.1078,5.551,7893031,93260428.2,0.4523,8.871,11.8155,11.3393,845737370.1,N/A,1222776000,69608014,0,100640000,39.7414,4.3672,2.0128,20.3194,
002015.SZ,霞客环保,2007-04-12,5.551,5.5966,5.6423,5.4642,5.5647,5145447,62516265.9,0.0137,0.2469,12.1498,7.392,847825610.52,N/A,1225795200,69608014,0,100640000,39.8395,4.3779,2.0178,20.3695,
002015.SZ,霞客环保,2007-04-13,5.5647,5.5647,6.0124,5.5418,5.7109,6856293,87326681.1,0.1462,2.6273,12.7367,9.8499,870100175,N/A,1258000000,69608014,0,100640000,40.8862,4.493,2.0708,20.9047,
002015.SZ,霞客环保,2007-04-16,5.7109,5.7337,6.1723,5.7337,6.1495,7702881,102625211.6,0.4386,7.68,13.323,11.0661,936923868.44,N/A,1354614400,69608014,0,100640000,44.0263,4.838,2.2298,22.5102,
002015.SZ,霞客环保,2007-04-17,6.1495,6.218,6.7662,6.218,6.7662,9260325,134714356.6,0.6168,10.0297,14.5475,13.3035,1030894687.34,N/A,1490478400,69608014,0,100640000,48.442,5.3233,2.4535,24.7679,
002015.SZ,霞客环保,2007-04-18,6.7662,6.853,7.118,6.4418,6.6155,6903992,103309731.3,-0.1508,-2.2282,14.9638,9.9184,1007924042.72,N/A,1457267200,69608014,0,100640000,47.3626,5.2046,2.3988,24.216,
002015.SZ,霞客环保,2007-04-19,6.6155,6.62,6.853,6.0352,6.3048,6006989,86436814.7,-0.3107,-4.6961,14.3894,8.6297,960590593.2,N/A,1388832000,69608014,0,100640000,45.1384,4.9602,2.2862,23.0788,
002015.SZ,霞客环保,2007-04-20,6.3048,6.3733,6.9353,6.3733,6.9353,6183179,93531077.9,0.6305,10,15.1267,8.8829,1056649652.52,N/A,1527715200,69608014,0,100640000,49.6522,5.4562,2.5148,25.3867,
002015.SZ,霞客环保,2007-04-23,6.9353,7.0815,7.4607,6.9444,7.3327,9131220,144155543.2,0.3975,5.7312,15.7871,13.1181,1117208624.7,N/A,1615272000,69608014,0,100640000,52.4979,5.769,2.6589,26.8416,
002015.SZ,霞客环保,2007-04-24,7.3327,7.351,7.4378,7.0815,7.1728,6302099,99105985.8,-0.1599,-2.1807,15.7259,9.0537,1092845819.8,N/A,1580048000,69608014,0,100640000,51.3531,5.6432,2.6009,26.2563,
002015.SZ,霞客环保,2007-04-25,7.1728,7.1728,7.1728,6.716,6.9261,3732119,56634773.8,-0.2467,-3.4395,15.175,5.3616,1055257492.24,N/A,1525702400,69608014,0,100640000,49.5868,5.4491,2.5115,25.3532,
002015.SZ,霞客环保,2007-04-26,6.9261,6.9261,7.3099,6.9261,7.0586,3055618,47647447.6,0.1325,1.9129,15.5934,4.3898,1075443816.3,N/A,1554888000,69608014,0,100640000,50.5353,5.5533,2.5595,25.8382,
002015.SZ,霞客环保,2007-04-27,7.0586,6.981,7.1226,6.3962,6.949,6326377,94156274.4,-0.1096,-1.5534,14.8831,9.0886,1058737892.94,N/A,1530734400,69608014,0,100640000,49.7503,5.467,2.5198,25.4368,
002015.SZ,霞客环保,2007-04-30,6.949,6.853,6.9901,6.716,6.7388,5267169,78830057.3,-0.2102,-3.0243,14.9663,7.5669,1026718206.5,N/A,1484440000,69608014,0,100640000,48.2457,5.3017,2.4436,24.6676,
002015.SZ,霞客环保,2007-05-08,6.7388,6.9353,7.3921,6.716,7.2642,8270905,127804135.6,0.5254,7.7966,15.4523,11.8821,1106767422.6,N/A,1600176000,69608014,0,100640000,52.0072,5.715,2.6341,26.5908,
002015.SZ,霞客环保,2007-05-09,7.2642,7.2642,7.7576,7.0358,7.7302,8338445,138171814.5,0.466,6.4151,16.5705,11.9791,1177767596.88,N/A,1702828800,69608014,0,100640000,55.3436,6.0817,2.803,28.2966,
002015.SZ,霞客环保,2007-05-10,7.7302,8.1323,8.5023,8.1231,8.5023,7216763,133985187.8,0.7721,9.9882,18.5658,10.3677,1295405140.54,N/A,1872910400,69608014,0,100640000,60.8714,6.6891,3.083,31.1229,
002015.SZ,霞客环保,2007-05-11,8.5023,9.0917,9.1374,8.0911,8.2693,8475771,157399623.1,-0.233,-2.7405,18.5705,12.1764,1259905053.4,N/A,1821584000,69608014,0,100640000,59.2032,6.5058,2.9985,30.27,
002015.SZ,霞客环保,2007-05-14,8.2693,8.1688,8.4521,8.0409,8.082,5133429,92081671.1,-0.1873,-2.2652,17.9377,7.3748,1231365767.66,N/A,1780321600,69608014,0,100640000,57.8621,6.3584,2.9306,29.5843,
002015.SZ,霞客环保,2007-05-15,8.082,8.0957,8.4429,7.9038,8.2145,4930779,88395773.1,0.1325,1.6393,17.9273,7.0836,1251552091.72,N/A,1809507200,69608014,0,100640000,58.8107,6.4627,2.9786,30.0693,
002015.SZ,霞客环保,2007-05-16,8.2145,8.2145,8.2648,7.68,8.146,3565481,62345009.6,-0.0685,-0.8343,17.4857,5.1222,1241110889.62,N/A,1794411200,69608014,0,100640000,58.3201,6.4088,2.9538,29.8185,
002015.SZ,霞客环保,2007-05-17,8.146,8.1734,8.4292,8.082,8.3881,4727680,85981895.9,0.2421,2.9725,18.1869,6.7919,1278003137.04,N/A,1847750400,69608014,0,100640000,60.0536,6.5993,3.0416,30.7048,
002015.SZ,霞客环保,2007-05-18,8.3881,8.3835,8.3835,7.9038,8.082,6285086,110911256.5,-0.3061,-3.6492,17.6467,9.0293,1231365767.66,N/A,1780321600,69608014,0,100640000,57.8621,6.3584,2.9306,29.5843,
002015.SZ,霞客环保,2007-05-21,8.082,7.6754,8.082,7.6297,8.0592,5490394,95208380.6,-0.0228,-0.2826,17.3409,7.8876,1227885366.96,N/A,1775289600,69608014,0,100640000,57.6986,6.3405,2.9223,29.5007,
002015.SZ,霞客环保,2007-05-22,8.0592,8.0546,8.2236,7.8125,8.0866,6696083,116254724.4,0.0274,0.3401,17.3616,9.6197,1232061847.8,N/A,1781328000,69608014,0,100640000,57.8949,6.362,2.9323,29.6011,
002015.SZ,霞客环保,2007-05-23,8.0866,8.1414,8.8541,8.1414,8.8176,9809402,185503648.4,0.731,9.0395,18.9108,14.0923,1343434670.2,N/A,1942352000,69608014,0,100640000,63.1283,6.9371,3.1973,32.2769,
002015.SZ,霞客环保,2007-05-24,8.8176,9.0003,9.0323,8.2236,8.4521,4393751,82210871.3,-0.3655,-4.1451,18.7109,6.3121,1287748259,N/A,1861840000,69608014,0,100640000,60.5116,6.6496,3.0648,30.939,
002015.SZ,霞客环保,2007-05-25,8.4521,8.4064,8.5891,8.2236,8.4064,3774975,69851943.7,-0.0457,-0.5405,18.5039,5.4232,1280787457.6,N/A,1851776000,69608014,0,100640000,60.1845,6.6136,3.0482,30.7717,
002015.SZ,霞客环保,2007-05-28,8.4064,8.3379,8.3607,8.0409,8.2373,6133963,110310228.6,-0.169,-2.0109,17.9835,8.8122,1255032492.42,N/A,1814539200,69608014,0,100640000,58.9743,6.4806,2.9869,30.1529,
002015.SZ,霞客环保,2007-05-29,8.2373,8.3607,8.4749,8.2236,8.315,4367966,79490688.5,0.0777,0.9429,18.1986,6.2751,1266865854.8,N/A,1831648000,69608014,0,100640000,59.5303,6.5417,3.0151,30.4373,
002015.SZ,霞客环保,2007-05-30,8.315,7.4835,8.0774,7.4835,7.4835,5005520,84216220.6,-0.8315,-10,16.8247,7.191,1140179269.32,N/A,1648483200,69608014,0,100640000,53.5773,5.8876,2.7136,27.3935,
002015.SZ,霞客环保,2007-05-31,7.4835,7.3099,7.3099,6.7342,6.7571,7138425,106143097.7,-0.7264,-9.707,14.8693,10.2552,1029502527.06,N/A,1488465600,69608014,0,100640000,48.3765,5.3161,2.4502,24.7344,
002015.SZ,霞客环保,2007-06-01,6.7571,6.7297,6.9901,6.0809,6.0809,4152050,58477374.3,-0.6762,-10.0068,14.084,5.9649,926482666.34,N/A,1339518400,69608014,0,100640000,43.5356,4.7841,2.205,22.2593,
002015.SZ,霞客环保,2007-06-04,6.0809,5.9439,6.1038,5.4733,5.4733,5277172,64688924.7,-0.6076,-9.9925,12.2583,7.5813,833904007.72,N/A,1205667200,69608014,0,100640000,39.1853,4.3061,1.9847,20.0351,
002015.SZ,霞客环保,2007-06-05,5.4733,5.1032,5.8251,4.925,5.7246,7836883,90824253.9,0.2513,4.591,11.5893,11.2586,872188415.42,N/A,1261019200,69608014,0,100640000,40.9843,4.5037,2.0758,20.9549,
002015.SZ,霞客环保,2007-06-06,5.7246,5.7246,5.9302,5.2677,5.7291,5630587,70558989.4,0.0046,0.0798,12.5314,8.089,872884495.56,N/A,1262025600,69608014,0,100640000,41.017,4.5073,2.0774,20.9716,
002015.SZ,霞客环保,2007-06-07,5.7291,5.6697,6.0672,5.6195,5.9439,4838661,61999603.5,0.2147,3.748,12.8134,6.9513,905600262.14,N/A,1309326400,69608014,0,100640000,42.5544,4.6763,2.1553,21.7576,
002015.SZ,霞客环保,2007-06-08,5.9439,5.9667,6.3596,5.8662,6.0764,5004030,67181758.6,0.1325,2.2291,13.4255,7.1889,925786586.2,N/A,1338512000,69608014,0,100640000,43.5029,4.7805,2.2033,22.2426,
002015.SZ,霞客环保,2007-06-11,6.0764,6.0718,6.684,6.0535,6.684,7615531,106736487,0.6076,10,14.0156,10.9406,1018365244.82,N/A,1472363200,69608014,0,100640000,47.8532,5.2586,2.4237,24.4669,
002015.SZ,霞客环保,2007-06-12,6.684,6.8165,7.2185,6.1677,7.0266,10045336,150018431.1,0.3427,5.1265,14.9341,14.4313,1070571255.32,N/A,1547843200,69608014,0,100640000,50.3064,5.5281,2.5479,25.7212,
002015.SZ,霞客环保,2007-06-13,7.0266,6.9901,7.3236,6.8073,6.9216,6276768,96929339.7,-0.1051,-1.4954,15.4426,9.0173,1054561412.1,N/A,1524696000,69608014,0,100640000,49.5541,5.4455,2.5098,25.3365,
002015.SZ,霞客环保,2007-06-14,6.9216,6.853,6.8987,6.5424,6.6246,4820885,70838475,-0.297,-4.2904,14.6941,6.9258,1009316203,N/A,1459280000,69608014,0,100640000,47.428,5.2118,2.4021,24.2495,
002015.SZ,霞客环保,2007-06-15,6.6246,6.6246,6.6474,6.3276,6.3962,4381675,61770499.5,-0.2284,-3.4483,14.0975,6.2948,974512196,N/A,1408960000,69608014,0,100640000,45.7925,5.0321,2.3193,23.4133,
002015.SZ,霞客环保,2007-06-18,6.3962,6.5332,7.0266,6.4418,6.8622,5578555,81674765.5,0.466,7.2857,14.6408,8.0142,1045512370.28,N/A,1511612800,69608014,0,100640000,49.1289,5.3987,2.4883,25.1191,
002015.SZ,霞客环保,2007-06-19,6.8622,6.7936,7.1637,6.6063,6.9627,6448785,97888851,0.1005,1.4647,15.1794,9.2644,1060826133.36,N/A,1533753600,69608014,0,100640000,49.8485,5.4778,2.5247,25.487,
002015.SZ,霞客环保,2007-06-20,6.9627,6.8987,7.0815,6.3962,6.5789,4114527,61414119.4,-0.3838,-5.5118,14.9262,5.911,1002355401.6,N/A,1449216000,69608014,0,100640000,47.1009,5.1759,2.3856,24.0822,
002015.SZ,霞客环保,2007-06-21,6.5789,6.5789,6.5789,6.5789,6.5789,N/A,N/A,0,0,N/A,N/A,1002355401.6,N/A,1449216000,69608014,0,100640000,47.1009,5.1759,2.3856,24.0822,
002015.SZ,霞客环保,2007-06-22,6.5789,6.5652,6.5652,5.921,6.0078,3875326,52350992.1,-0.5711,-8.6806,13.5088,5.5674,915345384.1,N/A,1323416000,69608014,0,100640000,43.0123,4.7266,2.1785,21.9918,
002015.SZ,霞客环保,2007-06-25,6.0078,6.0078,6.1449,5.4093,5.4093,2966211,36448576.4,-0.5985,-9.962,12.2879,4.2613,824158885.76,N/A,1191577600,69608014,0,100640000,38.7274,4.2557,1.9615,19.8009,
002015.SZ,霞客环保,2007-06-26,5.4093,5.1855,5.4642,5.0347,5.4367,2390046,27208415.7,0.0274,0.5068,11.3841,3.4336,828335366.6,N/A,1197616000,69608014,0,100640000,38.9237,4.2773,1.9714,19.9013,
002015.SZ,霞客环保,2007-06-27,5.4367,5.4504,5.7474,5.3454,5.6789,2610183,31780297.7,0.2421,4.4538,12.1755,3.7498,865227614.02,N/A,1250955200,69608014,0,100640000,40.6572,4.4678,2.0592,20.7876,
002015.SZ,霞客环保,2007-06-28,5.6789,5.6652,5.7794,5.1124,5.1124,2580072,30626049.5,-0.5665,-9.9759,11.8702,3.7066,778913676.66,N/A,1126161600,69608014,0,100640000,36.6013,4.0221,1.8538,18.7139,
002015.SZ,霞客环保,2007-06-29,5.1124,5.0256,5.0256,4.6601,4.7286,2570693,26993022,-0.3838,-7.5067,10.5003,3.6931,720442944.9,N/A,1041624000,69608014,0,100640000,33.8538,3.7202,1.7146,17.3091,
002015.SZ,霞客环保,2007-07-02,4.7286,4.7286,4.9068,4.5733,4.8428,1740547,18051593.2,0.1142,2.4155,10.3712,2.5005,737844948.4,N/A,1066784000,69608014,0,100640000,34.6715,3.81,1.756,17.7272,
002015.SZ,霞客环保,2007-07-03,4.8428,4.9342,5.0164,4.7743,4.9296,1485853,15925455.6,0.0868,1.7925,10.7181,2.1346,751070471.06,N/A,1085905600,69608014,0,100640000,35.293,3.8783,1.7875,18.0449,
002015.SZ,霞客环保,2007-07-04,4.9296,4.925,5.0895,4.6098,4.7057,1515463,16384905.4,-0.2239,-4.5412,10.8118,2.1771,716962544.2,N/A,1036592000,69608014,0,100640000,33.6902,3.7022,1.7063,17.2255,
002015.SZ,霞客环保,2007-07-05,4.7057,4.6875,4.6875,4.29,4.2946,1720471,16979592.6,-0.4112,-8.7379,9.8692,2.4717,654315331.6,N/A,946016000,69608014,0,100640000,30.7464,3.3787,1.5572,15.7203,
002015.SZ,霞客环保,2007-07-06,4.2946,4.3859,4.724,4.2854,4.724,3123254,31131287.8,0.4295,10,9.9676,4.4869,719746864.76,N/A,1040617600,69608014,0,100640000,33.8211,3.7166,1.713,17.2924,
002015.SZ,霞客环保,2007-07-09,4.724,4.8337,4.9799,4.6966,4.8657,3214746,33914199.6,0.1416,2.9981,10.5496,4.6184,741325349.1,N/A,1071816000,69608014,0,100640000,34.835,3.828,1.7643,17.8108,
002015.SZ,霞客环保,2007-07-10,4.8657,4.8657,4.8657,4.5961,4.6189,1686338,17339522.8,-0.2467,-5.0704,10.2824,2.4226,703737021.54,N/A,1017470400,69608014,0,100640000,33.0688,3.6339,1.6749,16.9077,
002015.SZ,霞客环保,2007-07-11,4.6189,4.6144,4.7743,4.523,4.6966,1115441,11465572.5,0.0777,1.6815,10.279,1.6025,715570383.92,N/A,1034579200,69608014,0,100640000,33.6248,3.695,1.703,17.192,
002015.SZ,霞客环保,2007-07-12,4.6966,4.8702,5.1672,4.8017,5.1672,6138491,68547542.3,0.4706,10.0195,11.1668,8.8187,787266638.34,N/A,1138238400,69608014,0,100640000,36.9938,4.0652,1.8737,18.9146,
002015.SZ,霞客环保,2007-07-13,5.1672,5.3408,5.5921,5.2129,5.2814,8573217,101238766.6,0.1142,2.2104,11.8087,12.3164,804668641.84,N/A,1163398400,69608014,0,100640000,37.8116,4.1551,1.9151,19.3327,
002015.SZ,霞客环保,2007-07-16,5.2814,5.1855,5.5053,4.9342,5.3454,5475370,63529373.1,0.064,1.2111,11.6028,7.866,814413763.8,N/A,1177488000,69608014,0,100640000,38.2695,4.2054,1.9383,19.5668,
002015.SZ,霞客环保,2007-07-17,5.3454,5.2494,5.4596,5.2083,5.3911,2955682,34697417.6,0.0457,0.8547,11.7392,4.2462,821374565.2,N/A,1187552000,69608014,0,100640000,38.5966,4.2414,1.9548,19.734,
002015.SZ,霞客环保,2007-07-18,5.3911,5.3454,5.4824,5.2311,5.2586,2479946,29100720.3,-0.1325,-2.4576,11.7344,3.5627,801188241.14,N/A,1158366400,69608014,0,100640000,37.648,4.1371,1.9068,19.2491,
002015.SZ,霞客环保,2007-07-19,5.2586,5.1718,5.3545,5.1535,5.1855,1442282,16513907.5,-0.0731,-1.3901,11.4498,2.072,790050958.9,N/A,1142264000,69608014,0,100640000,37.1247,4.0796,1.8803,18.9815,
002015.SZ,霞客环保,2007-07-20,5.1855,5.1946,5.4824,5.1718,5.4048,3137283,36967154.4,0.2193,4.2291,11.7832,4.5071,823462805.62,N/A,1190571200,69608014,0,100640000,38.6947,4.2521,1.9598,19.7842,
002015.SZ,霞客环保,2007-07-23,5.4048,5.4139,5.8479,5.4139,5.72,3781957,46752712,0.3152,5.8326,12.362,5.4332,871492335.28,N/A,1260012800,69608014,0,100640000,40.9516,4.5001,2.0741,20.9382,
002015.SZ,霞客环保,2007-07-24,5.72,5.7109,5.9347,5.6652,5.7154,3690221,46766203.8,-0.0046,-0.0799,12.673,5.3014,870796255.14,N/A,1259006400,69608014,0,100640000,40.9189,4.4966,2.0725,20.9214,
002015.SZ,霞客环保,2007-07-25,5.7154,5.6652,5.8753,5.6652,5.8388,2743103,34766974.4,0.1234,2.1583,12.6743,3.9408,889590418.92,N/A,1286179200,69608014,0,100640000,41.802,4.5936,2.1172,21.373,
002015.SZ,霞客环保,2007-07-26,5.8388,5.8845,6.0535,5.7109,5.9393,3658150,47010214.5,0.1005,1.7214,12.8508,5.2554,904904182,N/A,1308320000,69608014,0,100640000,42.5216,4.6727,2.1536,21.7409,
002015.SZ,霞客环保,2007-07-27,5.9393,5.889,6.3048,5.7383,6.2819,5247597,70593410.9,0.3427,5.7692,13.4525,7.5388,957110192.5,N/A,1383800000,69608014,0,100640000,44.9748,4.9423,2.2779,22.9952,
002015.SZ,霞客环保,2007-07-30,6.2819,6.2819,6.451,6.2317,6.3185,4798780,66473429,0.0365,0.5818,13.8522,6.894,962678833.62,N/A,1391851200,69608014,0,100640000,45.2365,4.971,2.2911,23.129,
002015.SZ,霞客环保,2007-07-31,6.3185,6.2728,6.9398,6.1723,6.6794,6047858,87515360.5,0.3609,5.7122,14.4705,8.6885,1017669164.68,N/A,1471356800,69608014,0,100640000,47.8205,5.255,2.422,24.4501,
002015.SZ,霞客环保,2007-08-01,6.6794,6.7891,6.7891,6.0124,6.0124,5508699,76980287,-0.667,-9.9863,13.9743,7.9139,916041464.24,N/A,1324422400,69608014,0,100640000,43.045,4.7302,2.1801,22.0085,
002015.SZ,霞客环保,2007-08-02,6.0124,6.0124,6.2591,5.8845,6.1906,3476688,46520033.8,0.1782,2.9635,13.3806,4.9947,943188589.7,N/A,1363672000,69608014,0,100640000,44.3206,4.8704,2.2448,22.6607,
002015.SZ,霞客环保,2007-08-03,6.1906,6.1449,6.6474,6.017,6.4418,5159302,71563951.7,0.2513,4.059,13.8709,7.4119,981472997.4,N/A,1419024000,69608014,0,100640000,46.1196,5.0681,2.3359,23.5805,
002015.SZ,霞客环保,2007-08-06,6.4418,6.4464,6.6155,6.3185,6.4281,3619034,51049963.5,-0.0137,-0.2128,14.106,5.1992,979384756.98,N/A,1416004800,69608014,0,100640000,46.0215,5.0573,2.3309,23.5303,
002015.SZ,霞客环保,2007-08-07,6.4281,6.4418,6.4875,6.1769,6.1906,2897043,39672264.6,-0.2376,-3.6958,13.6941,4.1619,943188589.7,N/A,1363672000,69608014,0,100640000,44.3206,4.8704,2.2448,22.6607,
002015.SZ,霞客环保,2007-08-08,6.1906,6.1723,6.1723,5.8982,6.0398,2345077,30856089.2,-0.1508,-2.4354,13.1578,3.369,920217945.08,N/A,1330460800,69608014,0,100640000,43.2412,4.7518,2.1901,22.1088,
002015.SZ,霞客环保,2007-08-09,6.0398,5.9393,6.1312,5.9393,6.1083,1680262,22205849.7,0.0685,1.1346,13.2157,2.4139,930659147.18,N/A,1345556800,69608014,0,100640000,43.7319,4.8057,2.2149,22.3597,
002015.SZ,霞客环保,2007-08-10,6.1083,6.0626,6.1495,5.7565,5.8799,2137402,27726457.2,-0.2284,-3.7397,12.972,3.0706,895855140.18,N/A,1295236800,69608014,0,100640000,42.0964,4.6259,2.1321,21.5235,
002015.SZ,霞客环保,2007-08-13,5.8799,5.8434,5.8434,5.6789,5.7291,2160965,27107874.4,-0.1508,-2.5641,12.5443,3.1045,872884495.56,N/A,1262025600,69608014,0,100640000,41.017,4.5073,2.0774,20.9716,
002015.SZ,霞客环保,2007-08-14,5.7291,5.7931,6.0033,5.7565,5.9165,1435018,18461905.2,0.1873,3.2695,12.8653,2.0616,901423781.3,N/A,1303288000,69608014,0,100640000,42.3581,4.6547,2.1454,21.6573,
002015.SZ,霞客环保,2007-08-15,5.9165,5.9302,5.9758,5.6697,5.8708,1305008,16589532,-0.0457,-0.7722,12.7122,1.8748,894462979.9,N/A,1293224000,69608014,0,100640000,42.031,4.6188,2.1288,21.49,
002015.SZ,霞客环保,2007-08-16,5.8708,5.8662,5.9621,5.7474,5.9393,1928988,24815287,0.0685,1.1673,12.8644,2.7712,904904182,N/A,1308320000,69608014,0,100640000,42.5216,4.6727,2.1536,21.7409,
002015.SZ,霞客环保,2007-08-17,5.9393,5.9393,6.2363,5.8753,6.186,4616728,61961704.4,0.2467,4.1538,13.4211,6.6325,942492509.56,N/A,1362665600,69608014,0,100640000,44.2879,4.8668,2.2431,22.644,
002015.SZ,霞客环保,2007-08-20,6.186,6.3276,6.4373,6.2134,6.2957,4128065,57005806.3,0.1096,1.7725,13.8093,5.9304,959198432.92,N/A,1386819200,69608014,0,100640000,45.0729,4.953,2.2829,23.0453,
002015.SZ,霞客环保,2007-08-21,6.2957,6.3139,6.3276,6.1449,6.1814,2760397,37427968.1,-0.1142,-1.8142,13.5589,3.9656,941796429.42,N/A,1361659200,69608014,0,100640000,44.2552,4.8632,2.2414,22.6273,
002015.SZ,霞客环保,2007-08-22,6.1814,6.0398,6.2911,6.0398,6.1449,2622732,35522179.6,-0.0365,-0.5913,13.544,3.7679,936227788.3,N/A,1353608000,69608014,0,100640000,43.9935,4.8344,2.2282,22.4935,
002015.SZ,霞客环保,2007-08-23,6.1449,6.2134,6.2819,6.1357,6.1906,2500252,33869702.2,0.0457,0.7435,13.5465,3.5919,943188589.7,N/A,1363672000,69608014,0,100640000,44.3206,4.8704,2.2448,22.6607,
002015.SZ,霞客环保,2007-08-24,6.1906,6.2134,6.3825,6.1723,6.2682,3446231,47421919.9,0.0777,1.2546,13.7605,4.9509,955021952.08,N/A,1380780800,69608014,0,100640000,44.8767,4.9315,2.2729,22.945,
002015.SZ,霞客环保,2007-08-27,6.2682,6.2819,6.3505,6.0352,6.0672,2812809,38092429.1,-0.201,-3.207,13.5425,4.0409,924394425.92,N/A,1336499200,69608014,0,100640000,43.4375,4.7733,2.2,22.2092,
002015.SZ,霞客环保,2007-08-28,6.0672,6.0809,6.0809,5.8479,5.8936,2718536,35198368.7,-0.1736,-2.8614,12.9475,3.9055,897943380.6,N/A,1298256000,69608014,0,100640000,42.1946,4.6367,2.1371,21.5737,
002015.SZ,霞客环保,2007-08-29,5.8936,5.8936,6.0261,5.8525,5.953,2036148,26528282.8,0.0594,1.0078,13.0287,2.9252,906992422.42,N/A,1311339200,69608014,0,100640000,42.6198,4.6835,2.1586,21.7911,
002015.SZ,霞客环保,2007-08-30,5.953,6.0124,6.2454,5.9027,6.2363,2977757,39887487.9,0.2833,4.7583,13.3951,4.2779,950149391.1,N/A,1373736000,69608014,0,100640000,44.6477,4.9063,2.2613,22.8279,
002015.SZ,霞客环保,2007-08-31,6.2363,6.2682,6.5104,6.2682,6.3276,4784707,66937141.1,0.0914,1.4652,13.9898,6.8738,964070993.9,N/A,1393864000,69608014,0,100640000,45.3019,4.9782,2.2945,23.1624,
002015.SZ,霞客环保,2007-09-03,6.3276,6.387,6.9353,6.2865,6.748,9068402,132865683.2,0.4203,6.6426,14.6515,13.0278,1028110366.78,N/A,1486452800,69608014,0,100640000,48.3111,5.3089,2.4469,24.701,
002015.SZ,霞客环保,2007-09-04,6.748,6.748,6.7617,6.4647,6.4784,4589925,65750761.1,-0.2696,-3.9946,14.325,6.594,987041638.52,N/A,1427075200,69608014,0,100640000,46.3813,5.0968,2.3491,23.7143,
002015.SZ,霞客环保,2007-09-05,6.4784,6.4693,6.6246,6.2043,6.387,3035993,42570602.9,-0.0914,-1.4104,14.022,4.3616,973120035.72,N/A,1406947200,69608014,0,100640000,45.7271,5.0249,2.316,23.3798,
002015.SZ,霞客环保,2007-09-06,6.387,6.4556,6.5195,6.3505,6.4053,2756912,38746015.6,0.0183,0.2861,14.0541,3.9606,975904356.28,N/A,1410972800,69608014,0,100640000,45.858,5.0393,2.3226,23.4467,
002015.SZ,霞客环保,2007-09-07,6.4053,6.419,6.419,6.0992,6.154,3273383,44767139.5,-0.2513,-3.923,13.6761,4.7026,937619948.58,N/A,1355620800,69608014,0,100640000,44.059,4.8416,2.2315,22.5269,
002015.SZ,霞客环保,2007-09-10,6.154,6.0626,6.3048,5.9987,6.2957,2019970,27201038.8,0.1416,2.3014,13.4661,2.9019,959198432.92,N/A,1386819200,69608014,0,100640000,45.0729,4.953,2.2829,23.0453,
002015.SZ,霞客环保,2007-09-11,6.2957,6.3048,6.3048,5.7565,5.8022,2235664,29813224.6,-0.4934,-7.8374,13.3353,3.2118,884021777.8,N/A,1278128000,69608014,0,100640000,41.5404,4.5648,2.1039,21.2392,
002015.SZ,霞客环保,2007-09-12,5.8022,5.7611,5.889,5.6149,5.752,2558785,32109043.7,-0.0503,-0.8661,12.5486,3.676,876364896.26,N/A,1267057600,69608014,0,100640000,41.1806,4.5253,2.0857,21.0552,
002015.SZ,霞客环保,2007-09-13,5.752,5.7611,5.8799,5.7337,5.8799,1572220,19926297.9,0.1279,2.224,12.674,2.2587,895855140.18,N/A,1295236800,69608014,0,100640000,42.0964,4.6259,2.1321,21.5235,
002015.SZ,霞客环保,2007-09-14,5.8799,5.7565,5.9987,5.7565,5.9165,1471015,18956958.2,0.0365,0.6216,12.887,2.1133,901423781.3,N/A,1303288000,69608014,0,100640000,42.3581,4.6547,2.1454,21.6573,
002015.SZ,霞客环保,2007-09-17,5.9165,5.8936,6.1038,5.8479,6.0764,1736735,22887827.7,0.1599,2.7027,13.1787,2.495,925786586.2,N/A,1338512000,69608014,0,100640000,43.5029,4.7805,2.2033,22.2426,
002015.SZ,霞客环保,2007-09-18,6.0764,6.0764,6.0764,5.8845,5.9941,2087235,27219758.2,-0.0822,-1.3534,13.0411,2.9986,913257143.68,N/A,1320396800,69608014,0,100640000,42.9142,4.7158,2.1735,21.9416,
002015.SZ,霞客环保,2007-09-19,5.9941,5.9941,6.0718,5.7931,5.8068,1910582,24518121.1,-0.1873,-3.125,12.8328,2.7448,884717857.94,N/A,1279134400,69608014,0,100640000,41.5731,4.5684,2.1056,21.2559,
002015.SZ,霞客环保,2007-09-20,5.8068,5.8068,5.9347,5.8068,5.8982,1290606,16591184.7,0.0914,1.5736,12.8553,1.8541,898639460.74,N/A,1299262400,69608014,0,100640000,42.2273,4.6403,2.1387,21.5904,
002015.SZ,霞客环保,2007-09-21,5.8982,5.921,5.9484,5.5418,5.7109,1741497,21881851.3,-0.1873,-3.1758,12.565,2.5019,870100175,N/A,1258000000,69608014,0,100640000,40.8862,4.493,2.0708,20.9047,
002015.SZ,霞客环保,2007-09-24,5.7109,5.7109,5.8251,5.551,5.7565,1722136,21356502.5,0.0457,0.8,12.4012,2.474,877060976.4,N/A,1268064000,69608014,0,100640000,41.2133,4.5289,2.0874,21.0719,
002015.SZ,霞客环保,2007-09-25,5.7565,5.7109,5.8571,5.6652,5.7565,1164902,14712049,0,0,12.6294,1.6735,877060976.4,N/A,1268064000,69608014,0,100640000,41.2133,4.5289,2.0874,21.0719,
002015.SZ,霞客环保,2007-09-26,5.7565,5.7794,5.7794,5.5784,5.6103,828675,10301596.4,-0.1462,-2.5397,12.4314,1.1905,854786411.92,N/A,1235859200,69608014,0,100640000,40.1666,4.4139,2.0344,20.5368,
002015.SZ,霞客环保,2007-09-27,5.6103,5.6697,5.8342,5.5875,5.7291,1082249,13546069.7,0.1188,2.1173,12.5166,1.5548,872884495.56,N/A,1262025600,69608014,0,100640000,41.017,4.5073,2.0774,20.9716,
002015.SZ,霞客环保,2007-09-28,5.7291,5.7383,5.889,5.7383,5.8616,1483275,18967481.7,0.1325,2.3126,12.7876,2.1309,893070819.62,N/A,1291211200,69608014,0,100640000,41.9656,4.6116,2.1255,21.4566,
002015.SZ,霞客环保,2007-10-08,5.8616,5.9484,5.9484,5.784,5.784,1327499,16991522.8,-0.0777,-1.325,12.7997,1.9071,881237457.24,N/A,1274102400,69608014,0,100640000,41.4095,4.5505,2.0973,21.1723,
002015.SZ,霞客环保,2007-10-09,5.784,5.784,5.8936,5.7337,5.8799,1138501,14446916.7,0.0959,1.6588,12.6894,1.6356,895855140.18,N/A,1295236800,69608014,0,100640000,42.0964,4.6259,2.1321,21.5235,
002015.SZ,霞客环保,2007-10-10,5.8799,5.8799,5.9667,5.8479,5.889,1589860,20532058.3,0.0091,0.1554,12.9144,2.284,897247300.46,N/A,1297249600,69608014,0,100640000,42.1618,4.6331,2.1354,21.5569,
002015.SZ,霞客环保,2007-10-11,5.889,5.8982,6.1449,5.8388,6.0718,3572549,47120982.7,0.1827,3.1032,13.1897,5.1324,925090506.06,N/A,1337505600,69608014,0,100640000,43.4702,4.7769,2.2017,22.2259,
002015.SZ,霞客环保,2007-10-12,6.0718,6.0215,6.2911,5.4687,6.2819,5500627,72288010.2,0.2102,3.4612,13.1418,7.9023,957110192.5,N/A,1383800000,69608014,0,100640000,44.9748,4.9423,2.2779,22.9952,
002015.SZ,霞客环保,2007-10-15,6.2819,6.2819,6.2819,6.2819,6.2819,N/A,N/A,0,0,N/A,N/A,957110192.5,N/A,1383800000,69608014,0,100640000,44.9748,4.9423,2.2779,22.9952,
002015.SZ,霞客环保,2007-10-16,6.2819,6.3002,6.3368,6.0535,6.1175,3050441,41090883.4,-0.1645,-2.6182,13.4705,4.3823,932051307.46,N/A,1347569600,69608014,0,100640000,43.7973,4.8129,2.2182,22.3931,
002015.SZ,霞客环保,2007-10-17,6.1175,6.1175,6.3231,5.985,6.3231,3686906,49846439.7,0.2056,3.3607,13.5199,5.2967,963374913.76,N/A,1392857600,69608014,0,100640000,45.2692,4.9746,2.2928,23.1457,
002015.SZ,霞客环保,2007-10-18,6.3231,6.2591,6.6155,6.1266,6.3916,8585441,120567329.1,0.0685,1.0838,14.0432,12.334,973816115.86,N/A,1407953600,69608014,0,100640000,45.7598,5.0285,2.3176,23.3965,
002015.SZ,霞客环保,2007-10-19,6.3916,6.3505,6.4418,6.0672,6.1449,3252477,44326113.6,-0.2467,-3.8599,13.6284,4.6726,936227788.3,N/A,1353608000,69608014,0,100640000,43.9935,4.8344,2.2282,22.4935,
002015.SZ,霞客环保,2007-10-22,6.1449,6.0901,6.0992,5.5784,5.6195,2188994,27831709.9,-0.5254,-8.5502,12.7144,3.1447,856178572.2,N/A,1237872000,69608014,0,100640000,40.232,4.4211,2.0377,20.5702,
002015.SZ,霞客环保,2007-10-23,5.6195,5.6195,5.8845,5.5738,5.8479,1615158,20100853.1,0.2284,4.065,12.4451,2.3204,890982579.2,N/A,1288192000,69608014,0,100640000,41.8675,4.6008,2.1205,21.4064,
002015.SZ,霞客环保,2007-10-24,5.8479,5.7565,5.8708,5.6332,5.6423,1336502,16743303.8,-0.2056,-3.5156,12.5277,1.92,859658972.9,N/A,1242904000,69608014,0,100640000,40.3956,4.439,2.046,20.6539,
002015.SZ,霞客环保,2007-10-25,5.6423,5.7474,5.752,5.1078,5.2311,2025577,23853163.7,-0.4112,-7.2874,11.776,2.91,797011760.3,N/A,1152328000,69608014,0,100640000,37.4518,4.1155,1.8969,19.1487,
002015.SZ,霞客环保,2007-10-26,5.2311,5.2129,5.4733,5.1398,5.2814,1163946,13416291.9,0.0503,0.9607,11.5266,1.6721,804668641.84,N/A,1163398400,69608014,0,100640000,37.8116,4.1551,1.9151,19.3327,
002015.SZ,霞客环保,2007-10-29,5.2814,5.3317,5.4048,5.19,5.3134,798872,9218570,0.032,0.6055,11.5395,1.1477,809541202.82,N/A,1170443200,69608014,0,100640000,38.0405,4.1802,1.9267,19.4497,
002015.SZ,霞客环保,2007-10-30,5.3134,5.3271,5.4139,5.2083,5.3956,880979,10223368.2,0.0822,1.5477,11.6046,1.2656,822070645.34,N/A,1188558400,69608014,0,100640000,38.6293,4.2449,1.9565,19.7508,
002015.SZ,霞客环保,2007-10-31,5.3956,5.4413,5.6332,5.3911,5.5784,1255585,15216738.2,0.1827,3.387,12.1192,1.8038,849913850.94,N/A,1228814400,69608014,0,100640000,39.9376,4.3887,2.0228,20.4197,
002015.SZ,霞客环保,2007-11-01,5.5784,5.5784,5.6423,5.2997,5.3042,1088741,12899363.3,-0.2741,-4.914,11.848,1.5641,808149042.54,N/A,1168430400,69608014,0,100640000,37.9751,4.1731,1.9234,19.4163,
002015.SZ,霞客环保,2007-11-02,5.3042,5.2586,5.2905,5.1626,5.1809,905560,10322463.4,-0.1234,-2.3256,11.399,1.3009,789354878.76,N/A,1141257600,69608014,0,100640000,37.092,4.076,1.8786,18.9648,
002015.SZ,霞客环保,2007-11-05,5.1809,5.1626,5.3088,5.1489,5.2814,901955,10300271,0.1005,1.94,11.4199,1.2958,804668641.84,N/A,1163398400,69608014,0,100640000,37.8116,4.1551,1.9151,19.3327,
002015.SZ,霞客环保,2007-11-06,5.2814,5.286,5.4048,5.2814,5.3042,914201,10676664.3,0.0228,0.4325,11.6787,1.3134,808149042.54,N/A,1168430400,69608014,0,100640000,37.9751,4.1731,1.9234,19.4163,
002015.SZ,霞客环保,2007-11-07,5.3042,5.3225,5.3682,5.1855,5.254,558792,6443997.6,-0.0503,-0.9475,11.532,0.8028,800492161,N/A,1157360000,69608014,0,100640000,37.6153,4.1335,1.9051,19.2323,
002015.SZ,霞客环保,2007-11-08,5.254,5.3225,5.3225,5.0712,5.0941,852355,9695420.4,-0.1599,-3.0435,11.3749,1.2245,776129356.1,N/A,1122136000,69608014,0,100640000,36.4705,4.0077,1.8472,18.647,
002015.SZ,霞客环保,2007-11-09,5.0941,5.0849,5.1169,5.0256,5.0849,832728,9253816,-0.0091,-0.1794,11.1127,1.1963,774737195.82,N/A,1120123200,69608014,0,100640000,36.4051,4.0005,1.8438,18.6136,
002015.SZ,霞客环保,2007-11-12,5.0849,4.8885,5.0484,4.8565,4.9433,831268,8979362.5,-0.1416,-2.7853,10.802,1.1914,754947852.58,N/A,1088924800,69773369,0,100640000,35.3911,3.8891,1.7925,18.0951,
002015.SZ,霞客环保,2007-11-13,4.9433,5.0027,5.1169,4.9844,5.0575,788934,8723835.5,0.1142,2.3105,11.0578,1.1307,772391194.83,N/A,1114084800,69773369,0,100640000,36.2088,3.979,1.8339,18.5132,
002015.SZ,霞客环保,2007-11-14,5.0575,5.0667,5.2905,5.0667,5.2129,798821,9080640.3,0.1553,3.0714,11.3676,1.1449,796114140.29,N/A,1148302400,69773369,0,100640000,37.3209,4.1012,1.8902,19.0818,
002015.SZ,霞客环保,2007-11-15,5.2129,5.2129,5.2997,5.1626,5.1763,490391,5606924.6,-0.0365,-0.7011,11.4336,0.6142,904557390.77,N/A,1140251200,79837369,0,100640000,37.0592,4.0724,1.877,18.948,
002015.SZ,霞客环保,2007-11-16,5.1763,5.1763,5.1763,5.0712,5.158,570401,6392797,-0.0183,-0.353,11.2075,0.7145,901363896.01,N/A,1136225600,79837369,0,100640000,36.9284,4.058,1.8704,18.8811,
002015.SZ,霞客环保,2007-11-19,5.158,5.2311,5.4642,5.2129,5.4413,1230001,14397502,0.2833,5.4916,11.7053,1.5406,950863064.79,N/A,1198622400,79837369,0,100640000,38.9564,4.2809,1.9731,19.918,
002015.SZ,霞客环保,2007-11-20,5.4413,5.4322,5.519,5.3454,5.4002,881500,10503476.4,-0.0411,-0.7557,11.9155,1.1041,943677701.58,N/A,1189564800,79837369,0,100640000,38.662,4.2485,1.9582,19.7675,
002015.SZ,霞客环保,2007-11-21,5.4002,5.3682,5.4824,5.3499,5.3865,647460,7675718,-0.0137,-0.2538,11.8551,0.811,941282580.51,N/A,1186545600,79837369,0,100640000,38.5639,4.2378,1.9532,19.7173,
002015.SZ,霞客环保,2007-11-22,5.3865,5.3362,5.4139,5.1672,5.2129,678506,7883351.2,-0.1736,-3.2231,11.6187,0.8499,910944380.29,N/A,1148302400,79837369,0,100640000,37.3209,4.1012,1.8902,19.0818,
002015.SZ,霞客环保,2007-11-23,5.2129,5.1261,5.4367,5.1261,5.4048,713672,8326577,0.1919,3.681,11.6672,0.8939,944476075.27,N/A,1190571200,79837369,0,100640000,38.6947,4.2521,1.9598,19.7842,
002015.SZ,霞客环保,2007-11-26,5.4048,5.4779,5.7109,5.4367,5.6195,2715616,33460826.7,0.2147,3.973,12.3216,3.4014,981999638.7,N/A,1237872000,79837369,0,100640000,40.232,4.4211,2.0377,20.5702,
002015.SZ,霞客环保,2007-11-27,5.6195,5.6103,5.8205,5.5281,5.6697,2549931,31931770.3,0.0503,0.8943,12.5226,3.1939,990781749.29,N/A,1248942400,79837369,0,100640000,40.5918,4.4606,2.0559,20.7542,
002015.SZ,霞客环保,2007-11-28,5.6697,5.7657,6.0992,5.6743,5.8251,2123430,27479045.5,0.1553,2.7397,12.9409,2.6597,1017926454.75,N/A,1283160000,79837369,0,100640000,41.7039,4.5828,2.1122,21.3228,
002015.SZ,霞客环保,2007-11-29,5.8251,5.8022,6.1632,5.7977,6.0901,3631263,47662491.5,0.265,4.549,13.1256,4.5483,1064232128.77,N/A,1341531200,79837369,0,100640000,43.601,4.7913,2.2083,22.2928,
002015.SZ,霞客环保,2007-11-30,6.0901,6.0764,6.1906,5.9758,6.1449,2727799,36610537.5,0.0548,0.9002,13.4213,3.4167,1073812613.05,N/A,1353608000,79837369,0,100640000,43.9935,4.8344,2.2282,22.4935,
002015.SZ,霞客环保,2007-12-03,6.1449,6.0901,6.3002,6.0033,6.1769,2592560,35008061.8,0.032,0.5204,13.5033,3.2473,1079401228.88,N/A,1360652800,79837369,0,100640000,44.2225,4.8596,2.2398,22.6105,
002015.SZ,霞客环保,2007-12-04,6.1769,6.1814,6.387,6.0078,6.0078,2227230,30226226.8,-0.169,-2.7367,13.5712,2.7897,1049861402.35,N/A,1323416000,79837369,0,100640000,43.0123,4.7266,2.1785,21.9918,
002015.SZ,霞客环保,2007-12-05,6.0078,6.0124,6.2591,5.953,6.1997,1812252,24378164.8,0.1919,3.1939,13.4519,2.2699,1083393097.33,N/A,1365684800,79837369,0,100640000,44.3861,4.8776,2.2481,22.6941,
002015.SZ,霞客环保,2007-12-06,6.1997,6.2454,6.3733,6.1357,6.2545,1915963,26310995.7,0.0548,0.8843,13.7325,2.3998,1092973581.61,N/A,1377761600,79837369,0,100640000,44.7786,4.9207,2.2679,22.8948,
002015.SZ,霞客环保,2007-12-07,6.2545,6.2545,6.3322,6.1038,6.2545,1704621,23272564.9,0,0,13.6526,2.1351,1092973581.61,N/A,1377761600,79837369,0,100640000,44.7786,4.9207,2.2679,22.8948,
002015.SZ,霞客环保,2007-12-10,6.2545,6.1632,6.5195,6.0307,6.387,3604027,50055635.6,0.1325,2.1183,13.8888,4.5142,1116126418.62,N/A,1406947200,79837369,0,100640000,45.7271,5.0249,2.316,23.3798,
002015.SZ,霞客环保,2007-12-11,6.387,6.4418,6.6474,6.387,6.6018,3810471,54450448.3,0.2147,3.3619,14.2897,4.7728,1153649982.05,N/A,1454248000,79837369,0,100640000,47.2644,5.1939,2.3939,24.1658,
002015.SZ,霞客环保,2007-12-12,6.6018,6.5972,6.6703,6.419,6.483,1650283,23538353,-0.1188,-1.7993,14.2632,2.0671,1132892266.11,N/A,1428081600,79837369,0,100640000,46.414,5.1004,2.3508,23.731,
002015.SZ,霞客环保,2007-12-13,6.483,6.4875,6.5789,6.218,6.2271,1663394,23465767.1,-0.2558,-3.9464,14.1072,2.0835,1088183339.47,N/A,1371723200,79837369,0,100640000,44.5823,4.8991,2.258,22.7945,
002015.SZ,霞客环保,2007-12-14,6.2271,6.1038,6.3962,6.1038,6.387,1258220,17286336,0.1599,2.5679,13.7387,1.576,1116126418.62,N/A,1406947200,79837369,0,100640000,45.7271,5.0249,2.316,23.3798,
002015.SZ,霞客环保,2007-12-17,6.387,6.4007,6.5332,6.355,6.4327,1399490,19782049.7,0.0457,0.7153,14.1352,1.7529,1124110155.52,N/A,1417011200,79837369,0,100640000,46.0542,5.0609,2.3326,23.5471,
002015.SZ,霞客环保,2007-12-18,6.4327,6.4007,6.4875,6.3139,6.4053,1026413,14323547.9,-0.0274,-0.4261,13.955,1.2856,1119319913.38,N/A,1410972800,79837369,0,100640000,45.858,5.0393,2.3226,23.4467,
002015.SZ,霞客环保,2007-12-19,6.4053,6.3048,6.7023,6.3048,6.6474,2887438,41361301.6,0.2421,3.7803,14.3246,3.6166,1161633718.95,N/A,1464312000,79837369,0,100640000,47.5915,5.2298,2.4104,24.3331,
002015.SZ,霞客环保,2007-12-20,6.6474,6.6703,6.7342,6.5652,6.6383,1640154,23849365.6,-0.0091,-0.1375,14.5409,2.0544,1160036971.57,N/A,1462299200,79837369,0,100640000,47.5261,5.2226,2.4071,24.2996,
002015.SZ,霞客环保,2007-12-21,6.6383,6.6018,6.7023,6.5058,6.6611,1832277,26425283.5,0.0228,0.3441,14.4221,2.295,1164028840.02,N/A,1467331200,79837369,0,100640000,47.6897,5.2406,2.4154,24.3832,
002015.SZ,霞客环保,2007-12-24,6.6611,6.6611,6.8302,6.6292,6.6977,2129172,31338577.9,0.0365,0.5487,14.7187,2.6669,1170415829.54,N/A,1475382400,79837369,0,100640000,47.9513,5.2693,2.4286,24.517,
002015.SZ,霞客环保,2007-12-25,6.6977,6.7617,6.8485,6.6063,6.7891,1518659,22427916,0.0914,1.3643,14.7682,1.9022,1186383303.34,N/A,1495510400,79837369,0,100640000,48.6055,5.3412,2.4618,24.8515,
002015.SZ,霞客环保,2007-12-26,6.7891,6.853,6.9627,6.7068,6.9261,2430256,36343493,0.1371,2.0188,14.9546,3.044,1210334514.04,N/A,1525702400,79837369,0,100640000,49.5868,5.4491,2.5115,25.3532,
002015.SZ,霞客环保,2007-12-27,6.9261,6.9672,7.2642,6.9216,7.0175,3349016,52234745.5,0.0914,1.3193,15.597,4.1948,1226301987.84,N/A,1545830400,79837369,0,100640000,50.241,5.5209,2.5446,25.6877,
002015.SZ,霞客环保,2007-12-28,7.0175,7.0358,7.182,6.8941,6.981,3275279,50131093.9,-0.0365,-0.5208,15.3059,4.1024,1219914998.32,N/A,1537779200,79837369,0,100640000,49.9793,5.4922,2.5314,25.5539,
002015.SZ,霞客环保,2008-01-02,6.981,6.9764,7.2962,6.8576,7.2688,2760477,43507232.4,0.2878,4.123,15.7608,3.4576,1270212540.79,N/A,1601182400,79837369,0,100640000,36.5924,4.9436,2.1089,-83.3141,
002015.SZ,霞客环保,2008-01-03,7.2688,7.2688,7.6069,7.2322,7.4104,2902743,47362233.7,0.1416,1.9485,16.3164,3.6358,1294962125.18,N/A,1632380800,79837369,0,100640000,37.3053,5.0399,2.1499,-84.9375,
002015.SZ,霞客环保,2008-01-04,7.4104,7.3556,7.552,7.2734,7.3967,1986736,32316257.2,-0.0137,-0.185,16.266,2.4885,1292567004.11,N/A,1629361600,79837369,0,100640000,37.2364,5.0306,2.146,-84.7804,
002015.SZ,霞客环保,2008-01-07,7.3967,7.3921,7.6069,7.2231,7.4698,3069538,50066857.1,0.0731,0.9883,16.3109,3.8447,1305340983.15,N/A,1645464000,79837369,0,100640000,37.6043,5.0803,2.1672,-85.6182,
002015.SZ,霞客环保,2008-01-08,7.4698,7.4835,7.849,7.4607,7.6343,4217196,70778984.4,0.1645,2.2018,16.7834,5.2822,1334082435.99,N/A,1681694400,79837369,0,100640000,38.4323,5.1922,2.2149,-87.5034,
002015.SZ,霞客环保,2008-01-09,7.6343,7.5338,7.8079,7.3099,7.7302,2434557,40949984.4,0.0959,1.2567,16.8203,3.0494,1350848283.48,N/A,1702828800,79837369,0,100640000,38.9153,5.2575,2.2427,-88.6031,
002015.SZ,霞客环保,2008-01-10,7.7302,7.6937,8.1688,7.6845,7.9587,3880895,67569986.1,0.2284,2.9551,17.4109,4.861,1390766967.98,N/A,1753148800,79837369,0,100640000,40.0653,5.4128,2.309,-91.2214,
002015.SZ,霞客环保,2008-01-11,7.9587,7.9724,8.1551,7.7713,8.1094,1991572,34824062.8,0.1508,1.8944,17.4857,2.4945,1417113299.75,N/A,1786360000,79837369,0,100640000,40.8243,5.5154,2.3527,-92.9494,
002015.SZ,霞客环保,2008-01-14,8.1094,8.2008,8.5846,8.0409,8.5663,4566727,83784469.9,0.4569,5.6338,18.3467,5.72,1496950668.75,N/A,1887000000,79837369,0,100640000,43.1242,5.8261,2.4853,-98.186,
002015.SZ,霞客环保,2008-01-15,8.5663,8.6348,8.9912,8.411,8.5891,5921974,113061232.1,0.0228,0.2667,19.0918,7.4175,1500942537.2,N/A,1892032000,79837369,0,100640000,43.2392,5.8416,2.4919,-98.4479,
002015.SZ,霞客环保,2008-01-16,8.5891,8.4429,8.612,8.0957,8.1323,4246978,77130604.3,-0.4569,-5.3191,18.1613,5.3195,1421105168.2,N/A,1791392000,79837369,0,100640000,40.9393,5.5309,2.3594,-93.2113,
002015.SZ,霞客环保,2008-01-17,8.1323,8.1688,8.3744,7.6206,7.8581,3813301,67001549.8,-0.2741,-3.3708,17.5705,4.7763,1373202746.8,N/A,1731008000,79837369,0,100640000,39.5593,5.3445,2.2798,-90.0693,
002015.SZ,霞客环保,2008-01-18,7.8581,7.7942,8.0774,7.7257,7.9724,2467455,42368048.8,0.1142,1.4535,17.1707,3.0906,1393162089.05,N/A,1756168000,79837369,0,100640000,40.1343,5.4221,2.313,-91.3785,
002015.SZ,霞客环保,2008-01-21,7.9724,8.0409,8.0409,7.1774,7.3099,3071184,50945749.5,-0.6625,-8.3095,16.5883,3.8468,1277397904,N/A,1610240000,79837369,0,100640000,36.7994,4.9716,2.1208,-83.7854,
002015.SZ,霞客环保,2008-01-22,7.3099,7.1043,7.1272,6.5789,6.5789,3464961,51365702.2,-0.731,-10,14.8243,4.34,1149658113.6,N/A,1449216000,79837369,0,100640000,33.1194,4.4744,1.9087,-75.4069,
002015.SZ,霞客环保,2008-01-23,6.5789,6.6337,7.1134,6.5789,7.0541,2511331,37793499.5,0.4751,7.2222,15.0492,3.1456,1232688977.36,N/A,1553881600,79837369,0,100640000,35.5114,4.7976,2.0466,-80.8529,
002015.SZ,霞客环保,2008-01-24,7.0541,7.0769,7.3967,6.8987,7.2551,2400061,37694383.6,0.201,2.8497,15.7056,3.0062,1267817419.72,N/A,1598163200,79837369,0,100640000,36.5234,4.9343,2.1049,-83.157,
002015.SZ,霞客环保,2008-01-25,7.2551,7.2642,7.5155,7.086,7.3145,1798040,28804790.7,0.0594,0.8186,16.0201,2.2521,1278196277.69,N/A,1611246400,79837369,0,100640000,36.8224,4.9747,2.1221,-83.8378,
002015.SZ,霞客环保,2008-01-28,7.3145,7.15,7.3008,6.6337,6.6383,1609707,24165832.2,-0.6762,-9.2442,15.0126,2.0162,1160036971.57,N/A,1462299200,79837369,0,100640000,33.4184,4.5148,1.9259,-76.0876,
002015.SZ,霞客环保,2008-01-29,6.6383,6.6155,7.0997,6.6155,6.8987,1286785,19370946.7,0.2604,3.9229,15.0538,1.6118,1205544271.9,N/A,1519664000,79837369,0,100640000,34.7294,4.6919,2.0015,-79.0725,
002015.SZ,霞客环保,2008-01-30,6.8987,7.0312,7.0586,6.6292,6.8073,1221005,18302825.8,-0.0914,-1.3245,14.99,1.5294,1189576798.1,N/A,1499536000,79837369,0,100640000,34.2694,4.6298,1.975,-78.0252,
002015.SZ,霞客环保,2008-01-31,6.8073,6.7571,6.9216,6.6292,6.6429,588122,8686340.1,-0.1645,-2.4161,14.7696,0.7367,1160835345.26,N/A,1463305600,79837369,0,100640000,33.4414,4.5179,1.9273,-76.14,
002015.SZ,霞客环保,2008-02-01,6.6429,6.6383,6.6703,5.985,6.2591,1413315,19453405.6,-0.3838,-5.7772,13.7644,1.7702,1093771955.3,N/A,1378768000,79837369,0,100640000,31.5095,4.2569,1.8159,-71.7413,
002015.SZ,霞客环保,2008-02-04,6.2591,6.3505,6.853,6.3505,6.8393,1053204,15381382.4,0.5802,9.2701,14.6044,1.3192,1195165413.93,N/A,1506580800,79837369,0,100640000,34.4304,4.6515,1.9843,-78.3917,
002015.SZ,霞客环保,2008-02-05,6.8393,6.6246,7.0312,6.6246,6.9353,1093814,16591351.4,0.0959,1.4028,15.1683,1.3701,1211931261.42,N/A,1527715200,79837369,0,100640000,34.9134,4.7168,2.0121,-79.4914,
002015.SZ,霞客环保,2008-02-13,6.9353,6.8348,7.1637,6.6749,7.0038,768492,11672938.8,0.0685,0.9881,15.1894,0.9626,1223906866.77,N/A,1542811200,79837369,0,100640000,35.2584,4.7634,2.032,-80.2769,
002015.SZ,霞客环保,2008-02-14,7.0038,7.2048,7.2094,6.9581,7.0358,684304,10543664.6,0.032,0.4566,15.4079,0.8571,1229495482.6,N/A,1549856000,79837369,0,100640000,35.4194,4.7852,2.0413,-80.6435,
002015.SZ,霞客环保,2008-02-15,7.0358,7.0586,7.118,6.8576,7.0038,674365,10303031.2,-0.032,-0.4545,15.2781,0.8447,1223906866.77,N/A,1542811200,79837369,0,100640000,35.2584,4.7634,2.032,-80.2769,
002015.SZ,霞客环保,2008-02-18,7.0038,7.086,7.4926,7.086,7.4424,2375810,38358347,0.4386,6.2622,16.1454,2.9758,1300550741.01,N/A,1639425600,79837369,0,100640000,37.4663,5.0617,2.1592,-85.304,
002015.SZ,霞客环保,2008-02-19,7.4424,7.383,8.0226,7.3739,7.817,2705605,45920482.2,0.3746,5.0338,16.9724,3.3889,1366017383.59,N/A,1721950400,79837369,0,100640000,39.3523,5.3165,2.2679,-89.598,
002015.SZ,霞客环保,2008-02-20,7.817,7.8627,7.9404,7.6663,7.8993,2977985,50934640.9,0.0822,1.052,17.1037,3.7301,1380388110.01,N/A,1740065600,79837369,0,100640000,39.7663,5.3724,2.2918,-90.5406,
002015.SZ,霞客环保,2008-02-21,7.8993,7.7668,7.9358,7.7119,7.8581,1622742,27897107,-0.0411,-0.5205,17.1913,2.0326,1373202746.8,N/A,1731008000,79837369,0,100640000,39.5593,5.3445,2.2798,-90.0693,
002015.SZ,霞客环保,2008-02-22,7.8581,7.7713,7.9861,7.4881,7.5932,1942833,33013171.2,-0.265,-3.3721,16.9923,2.4335,1326897072.78,N/A,1672636800,79837369,0,100640000,38.2253,5.1642,2.203,-87.0321,
002015.SZ,霞客环保,2008-02-25,7.5932,7.5109,7.7622,7.2231,7.2414,1470324,24175071.5,-0.3518,-4.633,16.442,1.8416,1265422298.65,N/A,1595144000,79837369,0,100640000,36.4544,4.925,2.1009,-82.9999,
002015.SZ,霞客环保,2008-02-26,7.2414,7.5155,7.584,7.0586,7.3099,1222842,19531224.5,0.0685,0.9464,15.972,1.5317,1277397904,N/A,1610240000,79837369,0,100640000,36.7994,4.9716,2.1208,-83.7854,
002015.SZ,霞客环保,2008-02-27,7.3099,7.3602,7.6526,7.3327,7.5155,919715,15123434.1,0.2056,2.8125,16.4436,1.152,1313324720.05,N/A,1655528000,79837369,0,100640000,37.8343,5.1114,2.1804,-86.1419,
002015.SZ,霞客环保,2008-02-28,7.5155,7.5201,7.6251,7.2185,7.4926,1545533,25285283.8,-0.0228,-0.304,16.3602,1.9359,1309332851.6,N/A,1650496000,79837369,0,100640000,37.7193,5.0959,2.1738,-85.88,
002015.SZ,霞客环保,2008-02-29,7.4926,7.4926,8.0318,7.4926,7.881,2859664,49181332.5,0.3883,5.1829,17.1983,3.5819,1377194615.25,N/A,1736040000,79837369,0,100640000,39.6743,5.36,2.2865,-90.3311,
002015.SZ,霞客环保,2008-03-03,7.881,8.082,8.6714,7.9724,8.6165,8414598,153655130.6,0.7356,9.3333,18.2605,10.5397,1505732779.34,N/A,1898070400,79837369,0,100640000,43.3772,5.8603,2.4999,-98.7621,
002015.SZ,霞客环保,2008-03-04,8.6165,8.5206,8.7993,8.0637,8.0729,8779564,162736382.4,-0.5437,-6.3097,18.5358,10.9968,1410726310.23,N/A,1778308800,79837369,0,100640000,40.6403,5.4905,2.3421,-92.5305,
002015.SZ,霞客环保,2008-03-05,8.0729,7.8673,8.7719,7.7668,8.5572,6096333,109334094.2,0.4843,5.9989,17.9344,7.6359,1495353921.37,N/A,1884987200,79837369,0,100640000,43.0782,5.8199,2.4826,-98.0813,
002015.SZ,霞客环保,2008-03-06,8.5572,8.4475,8.7308,8.178,8.2191,5855097,108466879,-0.3381,-3.9509,18.5252,7.3338,1436274268.31,N/A,1810513600,79837369,0,100640000,41.3763,5.5899,2.3846,-94.2062,
002015.SZ,霞客环保,2008-03-07,8.2191,8.2008,8.2236,7.8079,7.9724,2050378,36009795.9,-0.2467,-3.0017,17.5625,2.5682,1393162089.05,N/A,1756168000,79837369,0,100640000,40.1343,5.4221,2.313,-91.3785,
002015.SZ,霞客环保,2008-03-10,7.9724,7.8353,8.1094,7.7211,7.7896,1869832,32323819.9,-0.1827,-2.2923,17.287,2.3421,1361227141.45,N/A,1715912000,79837369,0,100640000,39.2143,5.2978,2.26,-89.2838,
002015.SZ,霞客环保,2008-03-11,7.7896,7.7211,8.0318,7.584,7.9541,1577788,26944227.6,0.1645,2.1114,17.0772,1.9763,1389968594.29,N/A,1752142400,79837369,0,100640000,40.0423,5.4097,2.3077,-91.169,
002015.SZ,霞客环保,2008-03-12,7.9541,8.1094,8.1323,7.6754,7.68,1326718,22942017.8,-0.2741,-3.4463,17.2923,1.6618,1342066172.89,N/A,1691758400,79837369,0,100640000,38.6623,5.2233,2.2281,-88.027,
002015.SZ,霞客环保,2008-03-13,7.68,7.6526,7.7576,6.9444,7.1272,2094053,33792315.2,-0.5528,-7.1981,16.1373,2.6229,1245462956.4,N/A,1569984000,79837369,0,100640000,35.8794,4.8473,2.0678,-81.6908,
002015.SZ,霞客环保,2008-03-14,7.1272,7.0815,7.3099,7.0403,7.182,1123459,17716608.5,0.0548,0.7692,15.7697,1.4072,1255043440.68,N/A,1582060800,79837369,0,100640000,36.1554,4.8846,2.0837,-82.3192,
002015.SZ,霞客环保,2008-03-17,7.182,7.182,7.182,7.182,7.182,N/A,N/A,0,0,N/A,N/A,1255043440.68,N/A,1582060800,79837369,0,100640000,36.1554,4.8846,2.0837,-82.3192,
002015.SZ,霞客环保,2008-03-18,7.182,6.4738,6.8073,6.4647,6.4647,1826771,26160142.2,-0.7173,-9.9873,14.3204,2.2881,1129698771.35,N/A,1424056000,79837369,0,100640000,32.5444,4.3967,1.8756,-74.0977,
002015.SZ,霞客环保,2008-03-19,6.4647,6.4418,6.9901,6.3094,6.8622,2292186,33837570.8,0.3975,6.1484,14.7621,2.8711,1199157282.38,N/A,1511612800,79837369,0,100640000,34.5454,4.6671,1.9909,-78.6536,
002015.SZ,霞客环保,2008-03-20,6.8622,6.684,7.3784,6.4556,7.2642,2501659,38162136.3,0.402,5.8589,15.2547,3.1334,1269414167.1,N/A,1600176000,79837369,0,100640000,36.5694,4.9405,2.1075,-83.2617,
002015.SZ,霞客环保,2008-03-21,7.2642,7.2185,7.383,7.0906,7.2825,2155249,34236786.2,0.0183,0.2516,15.8853,2.6995,1272607661.86,N/A,1604201600,79837369,0,100640000,36.6614,4.9529,2.1128,-83.4712,
002015.SZ,霞客环保,2008-03-24,7.2825,7.182,7.6297,7.182,7.2185,2276585,37283524.9,-0.064,-0.8783,16.377,2.8515,1261430430.2,N/A,1590112000,79837369,0,100640000,36.3394,4.9094,2.0943,-82.7381,
002015.SZ,霞客环保,2008-03-25,7.2185,7.2185,7.5383,6.9992,7.4333,1493898,24099728.8,0.2147,2.9747,16.1321,1.8712,1298953993.63,N/A,1637412800,79837369,0,100640000,37.4203,5.0555,2.1566,-85.1993,
002015.SZ,霞客环保,2008-03-26,7.4333,7.4926,7.6891,7.3784,7.6845,1991479,32887350.6,0.2513,3.3805,16.514,2.4944,1342864546.58,N/A,1692764800,79837369,0,100640000,38.6853,5.2264,2.2295,-88.0794,
002015.SZ,霞客环保,2008-03-27,7.6845,7.6708,7.7576,7.1272,7.1728,2143846,34871246.9,-0.5117,-6.6587,16.2657,2.6853,1253446693.3,N/A,1580048000,79837369,0,100640000,36.1094,4.8784,2.081,-82.2144,
002015.SZ,霞客环保,2008-03-28,7.1728,7.3099,7.6982,6.8073,7.6206,2815057,45719902.9,0.4477,6.242,16.2412,3.526,1331687314.92,N/A,1678675200,79837369,0,100640000,38.3633,5.1829,2.2109,-87.3463,
002015.SZ,霞客环保,2008-03-31,7.6206,7.4378,7.6982,7.1637,7.1637,1479911,23907397.3,-0.4569,-5.9952,16.1546,1.8537,1251849945.92,N/A,1578035200,79837369,0,100640000,36.0634,4.8722,2.0784,-82.1097,
002015.SZ,霞客环保,2008-04-01,7.1637,7.0723,7.3099,6.4464,6.451,2325768,33729971.6,-0.7127,-9.949,14.5027,2.9131,1127303650.28,N/A,1421036800,79837369,0,100640000,32.4754,4.3874,1.8716,-73.9406,
002015.SZ,霞客环保,2008-04-02,6.451,6.5287,6.853,6.1769,6.3048,2075509,29322706.2,-0.1462,-2.2663,14.128,2.5997,1101755692.2,N/A,1388832000,79837369,0,100640000,31.7394,4.288,1.8292,-72.2649,
002015.SZ,霞客环保,2008-04-03,6.3048,6.1677,6.6703,6.1357,6.5424,1153649,16139858.8,0.2376,3.7681,13.9903,1.445,1143271124.08,N/A,1441164800,79837369,0,100640000,32.9354,4.4496,1.8981,-74.9879,
002015.SZ,霞客环保,2008-04-07,6.5424,6.483,6.9444,6.3962,6.8759,964331,14354405.6,0.3335,5.0978,14.8854,1.2079,1201552403.45,N/A,1514632000,79837369,0,100640000,34.6144,4.6764,1.9949,-78.8107,
002015.SZ,霞客环保,2008-04-08,6.8759,6.853,7.4013,6.7754,7.214,1903683,29263154.8,0.3381,4.9169,15.3719,2.3845,1260632056.51,N/A,1589105600,79837369,0,100640000,36.3164,4.9063,2.0929,-82.6857,
002015.SZ,霞客环保,2008-04-09,7.214,7.0632,7.3008,6.5561,6.6474,1649869,25192355.7,-0.5665,-7.8531,15.2693,2.0665,1161633718.95,N/A,1464312000,79837369,0,100640000,33.4644,4.521,1.9286,-76.1924,
002015.SZ,霞客环保,2008-04-10,6.6474,6.5332,6.9901,6.4693,6.8987,871018,12881847.6,0.2513,3.7801,14.7894,1.091,1205544271.9,N/A,1519664000,79837369,0,100640000,34.7294,4.6919,2.0015,-79.0725,
002015.SZ,霞客环保,2008-04-11,6.8987,7.0221,7.1272,6.8256,7.0312,1514181,23177187.3,0.1325,1.9205,15.3067,1.8966,1228697108.91,N/A,1548849600,79837369,0,100640000,35.3964,4.782,2.0399,-80.5911,
002015.SZ,霞客环保,2008-04-14,7.0312,6.9261,6.9261,6.5332,6.5652,1254510,18311011.7,-0.466,-6.6277,14.5961,1.5713,1147262992.53,N/A,1446196800,79837369,0,100640000,33.0504,4.4651,1.9047,-75.2498,
002015.SZ,霞客环保,2008-04-15,6.5652,6.5241,6.7799,6.4418,6.7617,865390,12526339.3,0.1965,2.9923,14.4748,1.0839,1181593061.2,N/A,1489472000,79837369,0,100640000,34.0394,4.5987,1.9617,-77.5015,
002015.SZ,霞客环保,2008-04-16,6.7617,6.7205,6.7845,6.4875,6.5332,595421,8639565.9,-0.2284,-3.3784,14.51,0.7458,1141674376.7,N/A,1439152000,79837369,0,100640000,32.8894,4.4434,1.8954,-74.8832,
002015.SZ,霞客环保,2008-04-17,6.5332,6.5332,6.6977,6.1723,6.3413,1028100,14329619.9,-0.1919,-2.9371,13.938,1.2877,1108142681.72,N/A,1396883200,79837369,0,100640000,31.9234,4.3129,1.8398,-72.6838,
002015.SZ,霞客环保,2008-04-18,6.3413,6.3962,6.4693,6.1769,6.2591,1044982,14391456.8,-0.0822,-1.2968,13.772,1.3089,1093771955.3,N/A,1378768000,79837369,0,100640000,31.5095,4.2569,1.8159,-71.7413,
002015.SZ,霞客环保,2008-04-21,6.2591,6.7068,6.748,6.1677,6.1906,1457358,20557590.7,-0.0685,-1.0949,14.1061,1.8254,1081796349.95,N/A,1363672000,79837369,0,100640000,31.1645,4.2103,1.796,-70.9558,
002015.SZ,霞客环保,2008-04-22,6.1906,6.1586,6.1586,5.5738,5.7474,2030689,25374524.2,-0.4432,-7.1587,12.4955,2.5435,1004354102.02,N/A,1266051200,79837369,0,100640000,28.9335,3.9089,1.6675,-65.8763,
002015.SZ,霞客环保,2008-04-23,5.7474,5.6469,6.1677,5.254,6.122,2857475,35780266.4,0.3746,6.5183,12.5216,3.5791,1069820744.6,N/A,1348576000,79837369,0,100640000,30.8195,4.1637,1.7762,-70.1703,
002015.SZ,霞客环保,2008-04-24,6.122,6.5332,6.7342,6.4007,6.7297,4293791,62170379.9,0.6076,9.9254,14.4791,5.3782,1176004445.37,N/A,1482427200,79837369,0,100640000,33.8784,4.577,1.9524,-77.1349,
002015.SZ,霞客环保,2008-04-25,6.7297,6.6931,6.9444,6.5104,6.6246,3633188,53962260.1,-0.1051,-1.5614,14.8526,4.5507,1157641850.5,N/A,1459280000,79837369,0,100640000,33.3494,4.5055,1.922,-75.9305,
002015.SZ,霞客环保,2008-04-28,6.6246,6.6246,6.6246,6.6246,6.6246,N/A,N/A,0,0,N/A,N/A,1157641850.5,N/A,1459280000,79837369,0,100640000,33.3494,4.5055,1.922,-75.9305,
002015.SZ,霞客环保,2008-04-29,6.6246,6.6703,6.7845,6.5332,6.6794,1713314,24920956.9,0.0548,0.8276,14.5455,2.146,1167222334.78,N/A,1471356800,79837369,0,100640000,33.6254,4.5428,1.9379,-76.5589,
002015.SZ,霞客环保,2008-04-30,6.6794,6.6474,6.9353,6.6246,6.8439,2582252,38401398.6,0.1645,2.4624,14.8713,3.2344,1195963787.62,N/A,1507587200,79837369,0,100640000,34.4534,4.6546,1.9856,-78.4441,
002015.SZ,霞客环保,2008-05-05,6.8439,6.8987,7.0906,6.7388,7.0541,2404343,36590787.6,0.2102,3.0708,15.2186,3.0116,1232688977.36,N/A,1553881600,79837369,0,100640000,35.5114,4.7976,2.0466,-80.8529,
002015.SZ,霞客环保,2008-05-06,7.0541,6.9627,7.0678,6.8028,6.8302,2793327,42086026.8,-0.2239,-3.1736,15.0666,3.4988,1193568666.55,N/A,1504568000,79837369,0,100640000,34.3844,4.6453,1.9816,-78.287,
002015.SZ,霞客环保,2008-05-07,6.8302,6.7799,6.9855,6.5698,6.5698,1787390,26628000.4,-0.2604,-3.8127,14.8977,2.2388,1148061366.22,N/A,1447203200,79837369,0,100640000,33.0734,4.4682,1.9061,-75.3021,
002015.SZ,霞客环保,2008-05-08,6.5698,6.4556,6.7525,6.4556,6.716,1432350,20698453.6,0.1462,2.2253,14.4507,1.7941,1173609324.3,N/A,1479408000,79837369,0,100640000,33.8094,4.5676,1.9485,-76.9778,
002015.SZ,霞客环保,2008-05-09,6.716,6.853,7.0723,6.6931,6.8713,2986341,45228881.9,0.1553,2.3129,15.1453,3.7405,1200754029.76,N/A,1513625600,79837369,0,100640000,34.5914,4.6733,1.9935,-78.7583,
002015.SZ,霞客环保,2008-05-12,6.8713,6.7982,7.0815,6.716,6.9992,2768258,42153253.9,0.1279,1.8617,15.2274,3.4674,1223108493.08,N/A,1541804800,79837369,0,100640000,35.2354,4.7603,2.0306,-80.2245,
002015.SZ,霞客环保,2008-05-13,6.9992,6.7799,6.9672,6.6703,6.6977,2505840,37183004.1,-0.3015,-4.3081,14.8385,3.1387,1170415829.54,N/A,1475382400,79837369,0,100640000,33.7174,4.5552,1.9432,-76.7684,
002015.SZ,霞客环保,2008-05-14,6.6977,6.7525,7.0129,6.7525,6.9855,2435721,36911347.6,0.2878,4.2974,15.1542,3.0509,1220713372.01,N/A,1538785600,79837369,0,100640000,35.1664,4.751,2.0267,-80.0674,
002015.SZ,霞客环保,2008-05-15,6.9855,7.0266,7.118,6.8348,6.853,2614593,40048641.7,-0.1325,-1.8967,15.3174,3.2749,1197560535,N/A,1509600000,79837369,0,100640000,34.4994,4.6609,1.9882,-78.5488,
002015.SZ,霞客环保,2008-05-16,6.853,6.853,6.8987,6.5104,6.6931,1884278,27652644.6,-0.1599,-2.3333,14.6755,2.3601,1169617455.85,N/A,1474376000,79837369,0,100640000,33.6944,4.5521,1.9418,-76.716,
002015.SZ,霞客环保,2008-05-19,6.6931,6.6657,6.7388,6.5424,6.6749,660662,9644508.8,-0.0183,-0.273,14.5982,0.8275,1166423961.09,N/A,1470350400,79837369,0,100640000,33.6024,4.5397,1.9365,-76.5066,
002015.SZ,霞客环保,2008-05-20,6.6749,6.6292,6.7525,6.1586,6.5241,2792363,39665678,-0.1508,-2.2587,14.2051,3.4976,1140077629.32,N/A,1437139200,79837369,0,100640000,32.8434,4.4371,1.8928,-74.7785,
002015.SZ,霞客环保,2008-05-21,6.5241,6.4875,6.6703,6.2591,6.6337,1848973,26071251.6,0.1096,1.6807,14.1004,2.3123,1161039310.2,N/A,1461292800,79961385,0,100640000,33.3954,4.5117,1.9246,-76.0353,
002015.SZ,霞客环保,2008-05-22,6.6337,6.4875,6.684,6.4099,6.4738,1211647,17378955,-0.1599,-2.4105,14.3432,1.5153,1133052825.45,N/A,1426068800,79961385,0,100640000,32.5904,4.403,1.8782,-74.2025,
002015.SZ,霞客环保,2008-05-23,6.4738,6.483,6.5241,6.218,6.2637,1145285,15838351.5,-0.2102,-3.2463,13.8292,1.4323,1096270588.35,N/A,1379774400,79961385,0,100640000,31.5325,4.26,1.8172,-71.7936,
002015.SZ,霞客环保,2008-05-26,6.2637,6.2637,6.2637,5.7246,5.7794,1807891,23655650.4,-0.4843,-7.7316,13.0847,2.261,1011511520.25,N/A,1273096000,79961385,0,100640000,29.0945,3.9307,1.6767,-66.2428,
002015.SZ,霞客环保,2008-05-27,5.7794,5.7638,5.7638,5.4596,5.7092,1855483,13309263,-0.0702,-1.2146,7.1729,1.365,995039478.6,N/A,1252364160,135934355,0,171088000,28.6207,3.8667,1.6494,-65.1641,
002015.SZ,霞客环保,2008-05-28,5.7092,5.7092,5.7872,5.4752,5.717,1472071,10671207.4,0.0078,0.1366,7.2491,1.0829,996398822.15,N/A,1254075040,135934355,0,171088000,28.6598,3.8719,1.6517,-65.2531,
002015.SZ,霞客环保,2008-05-29,5.717,5.7404,5.7404,5.4986,5.5142,1260932,9040025.9,-0.2028,-3.5471,7.1693,0.9276,961055889.85,N/A,1209592160,135934355,0,171088000,27.6432,3.7346,1.5931,-62.9386,
002015.SZ,霞客环保,2008-05-30,5.5142,5.3894,5.5532,5.2802,5.4206,1587216,10970125.2,-0.0936,-1.6973,6.9116,1.1676,944743767.25,N/A,1189061600,135934355,0,171088000,27.174,3.6712,1.5661,-61.8703,
002015.SZ,霞客环保,2008-06-02,5.4206,5.3816,5.4908,5.3036,5.405,875544,6062725.2,-0.0156,-0.2878,6.9245,0.6441,942025080.15,N/A,1185639840,135934355,0,171088000,27.0958,3.6606,1.5616,-61.6922,
002015.SZ,霞客环保,2008-06-03,5.405,5.4518,5.4518,5.3192,5.3816,1087107,7500280.5,-0.0234,-0.4329,6.8993,0.7997,937947049.5,N/A,1180507200,135934355,0,171088000,26.9785,3.6448,1.5548,-61.4252,
002015.SZ,霞客环保,2008-06-04,5.3816,5.3816,5.4128,5.1866,5.3036,1062537,7216183.3,-0.078,-1.4493,6.7915,0.7817,924353614,N/A,1163398400,135934355,0,171088000,26.5875,3.592,1.5323,-60.535,
002015.SZ,霞客环保,2008-06-05,5.3036,5.3192,5.327,5.2178,5.249,1004780,6781581.6,-0.0546,-1.0294,6.7493,0.7392,914838209.15,N/A,1151422240,135934355,0,171088000,26.3138,3.555,1.5165,-59.9118,
002015.SZ,霞客环保,2008-06-06,5.249,5.2724,5.6312,5.249,5.5376,2916001,20495439.7,0.2886,5.4978,7.0286,2.1452,965133920.5,N/A,1214724800,135934355,0,171088000,27.7605,3.7504,1.5999,-63.2056,
002015.SZ,霞客环保,2008-06-10,5.5376,5.327,5.3426,4.9838,4.9838,1718631,11197300.9,-0.5538,-10,6.5152,1.2643,868620528.45,N/A,1093252320,135934355,0,171088000,24.9845,3.3754,1.4399,-56.8851,
002015.SZ,霞客环保,2008-06-11,4.9838,4.9838,4.9838,4.5627,4.6173,1699911,10244881.7,-0.3666,-7.3552,6.0267,1.2505,804731381.6,N/A,1012840960,135934355,0,171088000,23.1468,3.1271,1.334,-52.701,
002015.SZ,霞客环保,2008-06-12,4.6173,4.6173,4.6797,4.4145,4.5705,1332008,7783036.7,-0.0468,-1.0135,5.8431,0.9799,796575320.3,N/A,1002575680,135934355,0,171088000,22.9122,3.0954,1.3205,-52.1669,
002015.SZ,霞客环保,2008-06-13,4.5705,4.6329,4.7577,4.2897,4.2897,1313356,7654131.5,-0.2808,-6.1433,5.8279,0.9662,747638952.5,N/A,940984000,135934355,0,171088000,21.5046,2.9053,1.2393,-48.9621,
002015.SZ,霞客环保,2008-06-16,4.2897,4.3677,4.4301,4.1025,4.1571,1269854,6897435.3,-0.1326,-3.0909,5.4317,0.9342,724530112.15,N/A,911899040,135934355,0,171088000,20.8399,2.8155,1.201,-47.4487,
002015.SZ,霞客环保,2008-06-17,4.1571,4.1649,4.3053,3.9933,4.0323,2397295,12854586.5,-0.1248,-3.0019,5.3621,1.7636,702780615.35,N/A,884524960,135934355,0,171088000,20.2143,2.731,1.165,-46.0244,
002015.SZ,霞客环保,2008-06-18,4.0323,4.0323,4.3053,3.8685,4.2663,2258659,12013381.6,0.234,5.8027,5.3188,1.6616,743560921.85,N/A,935851360,135934355,0,171088000,21.3873,2.8894,1.2326,-48.695,
002015.SZ,霞客环保,2008-06-19,4.2663,4.1883,4.2429,3.8373,3.8373,1692401,8709098.5,-0.429,-10.0548,5.146,1.245,668797026.6,N/A,841752960,135934355,0,171088000,19.2369,2.5989,1.1086,-43.7988,
002015.SZ,霞客环保,2008-06-20,3.8373,3.8373,3.8373,3.8373,3.8373,N/A,N/A,0,0,N/A,N/A,668797026.6,N/A,841752960,135934355,0,171088000,19.2369,2.5989,1.1086,-43.7988,
002015.SZ,霞客环保,2008-06-23,3.8373,3.9153,4.0245,3.7437,3.8061,1632135,8172278.8,-0.0312,-0.813,5.0071,1.2007,663359652.4,N/A,834909440,135934355,0,171088000,19.0805,2.5778,1.0996,-43.4427,
002015.SZ,霞客环保,2008-06-24,3.8061,3.7515,4.0089,3.7437,3.9543,1185826,5936362.8,0.1482,3.8934,5.0061,0.8724,689187179.85,N/A,867416160,135934355,0,171088000,19.8234,2.6781,1.1424,-45.1342,
002015.SZ,霞客环保,2008-06-25,3.9543,3.9621,4.3521,3.9153,4.3131,3231519,17160313,0.3588,9.073,5.3103,2.3773,751716983.15,N/A,946116640,135934355,0,171088000,21.6219,2.9211,1.2461,-49.2292,
002015.SZ,霞客环保,2008-06-26,4.3131,4.2741,4.3989,4.1727,4.3131,2772147,15281968.9,0,0,5.5127,2.0393,751716983.15,N/A,946116640,135934355,0,171088000,21.6219,2.9211,1.2461,-49.2292,
002015.SZ,霞客环保,2008-06-27,4.3131,4.1415,4.1727,3.8997,3.9231,2489894,12890885.7,-0.39,-9.0416,5.1773,1.8317,683749805.65,N/A,860572640,135934355,0,171088000,19.667,2.657,1.1334,-44.7781,
002015.SZ,霞客环保,2008-06-30,3.9231,3.9231,4.2585,3.8763,4.1883,1813257,9585522.6,0.2652,6.7594,5.2864,1.3339,729967486.35,N/A,918742560,135934355,0,171088000,20.9963,2.8366,1.21,-47.8048,
002015.SZ,霞客环保,2008-07-01,4.1883,4.2117,4.2507,3.9855,4.0401,1761636,9253106.7,-0.1482,-3.5382,5.2526,1.2959,704139958.9,N/A,886235840,135934355,0,171088000,20.2534,2.7362,1.1672,-46.1134,
002015.SZ,霞客环保,2008-07-02,4.0401,4.0557,4.4457,4.0557,4.4457,14097079,80106153.1,0.4056,10.0386,5.6825,10.3705,774825823.5,N/A,975201600,135934355,0,171088000,22.2866,3.0109,1.2844,-50.7425,
002015.SZ,霞客环保,2008-07-03,4.4457,4.5237,4.8903,4.4535,4.8903,27490780,166672672.2,0.4446,10,6.0629,20.2236,852308405.85,N/A,1072721760,135934355,0,171088000,24.5153,3.312,1.4128,-55.8168,
002015.SZ,霞客环保,2008-07-04,4.8903,4.8357,5.2958,4.7577,5.0618,25908556,165658039.4,0.1716,3.5088,6.394,19.0596,882213963.95,N/A,1110361120,135934355,0,171088000,25.3755,3.4282,1.4624,-57.7753,
002015.SZ,霞客环保,2008-07-07,5.0618,5.1164,5.4362,4.9293,5.2646,19067251,128343740.4,0.2028,4.0062,6.7311,14.0268,917556896.25,N/A,1154844000,135934355,0,171088000,26.392,3.5656,1.521,-60.0898,
002015.SZ,霞客环保,2008-07-08,5.2646,5.171,5.795,5.1242,5.795,19643491,138901647.3,0.5304,10.0741,7.0711,14.4507,1009992257.65,N/A,1271183840,135934355,0,171088000,29.0508,3.9248,1.6742,-66.1433,
002015.SZ,霞客环保,2008-07-09,5.795,5.9276,6.3721,5.8574,6.3721,16003787,126335262.7,0.5772,9.9596,7.8941,11.7732,1110583680.35,N/A,1397788960,135934355,0,171088000,31.9441,4.3156,1.841,-72.731,
002015.SZ,霞客环保,2008-07-10,6.3721,6.5125,6.6217,5.9276,6.0602,28972492,234013623.1,-0.312,-4.896,8.0771,21.3136,1056209938.35,N/A,1329353760,135934355,0,171088000,30.3802,4.1044,1.7508,-69.1701,
002015.SZ,霞客环保,2008-07-11,6.0602,6.0914,6.5203,5.6936,6.4969,26474733,208441353.9,0.4368,7.2072,7.8732,19.4761,1132333177.15,N/A,1425163040,135934355,0,171088000,32.5697,4.4002,1.877,-74.1553,
002015.SZ,霞客环保,2008-07-14,6.4969,6.263,6.7075,6.2474,6.4657,24026556,199742868.9,-0.0312,-0.4802,8.3134,17.6751,1126895802.95,N/A,1418319520,135934355,0,171088000,32.4133,4.379,1.868,-73.7992,
002015.SZ,霞客环保,2008-07-15,6.4657,6.4189,6.8245,5.9276,6.4345,21191038,172236451.9,-0.0312,-0.4825,8.1278,15.5892,1121458428.75,N/A,1411476000,135934355,0,171088000,32.2569,4.3579,1.859,-73.4431,
002015.SZ,霞客环保,2008-07-16,6.4345,6.2396,6.5905,6.0914,6.224,12542636,101633485.2,-0.2106,-3.2727,8.103,9.227,1084756152.9,N/A,1365282240,135934355,0,171088000,31.2013,4.2153,1.7982,-71.0396,
002015.SZ,霞客环保,2008-07-17,6.224,6.3721,6.4735,5.6936,5.7404,13142622,103224597.3,-0.4836,-7.7694,7.8542,9.6684,1000476852.8,N/A,1259207680,135934355,0,171088000,28.7771,3.8878,1.6585,-65.5202,
002015.SZ,霞客环保,2008-07-18,5.7404,5.795,6.0446,5.3192,5.9198,17282218,124750331.3,0.1794,3.125,7.2184,12.7136,1031741754.45,N/A,1298557920,135934355,0,171088000,29.6764,4.0093,1.7103,-67.5677,
002015.SZ,霞客环保,2008-07-21,5.9198,5.7872,6.5125,5.5844,6.5125,24313134,193805190.2,0.5928,10.0132,7.9712,17.8859,1135051864.25,N/A,1428584800,135934355,0,171088000,32.6479,4.4107,1.8815,-74.3334,
002015.SZ,霞客环保,2008-07-22,6.5125,6.5905,7.0117,6.3955,6.7153,32135552,277052440.1,0.2028,3.1138,8.6214,23.6405,1170394796.55,N/A,1473067680,135934355,0,171088000,33.6645,4.5481,1.9401,-76.6479,
002015.SZ,霞客环保,2008-07-23,6.7153,6.6295,6.8011,6.3955,6.4969,15675245,132737984.6,-0.2184,-3.252,8.468,11.5315,1132333177.15,N/A,1425163040,135934355,0,171088000,32.5697,4.4002,1.877,-74.1553,
002015.SZ,霞客环保,2008-07-24,6.4969,6.5359,7.0975,6.5359,6.9181,22608573,199643383.3,0.4212,6.4826,8.8304,16.632,1205737728.85,N/A,1517550560,135934355,0,171088000,34.6811,4.6854,1.9987,-78.9625,
002015.SZ,霞客环保,2008-07-25,6.9181,6.7855,7.0897,6.6295,6.8089,15488021,137121741.1,-0.1092,-1.5784,8.8534,11.3938,1186706919.15,N/A,1493598240,135934355,0,171088000,34.1337,4.6115,1.9672,-77.7162,
002015.SZ,霞客环保,2008-07-28,6.8089,6.8713,7.0039,6.7075,6.8245,10455969,91551101.4,0.0156,0.2291,8.7559,7.6919,1189425606.25,N/A,1497020000,135934355,0,171088000,34.2119,4.622,1.9717,-77.8942,
002015.SZ,霞客环保,2008-07-29,6.8245,6.7465,6.7855,6.4735,6.5827,8009345,67933772.9,-0.2418,-3.5429,8.4818,5.8921,1147285956.2,N/A,1443982720,135934355,0,171088000,32.9998,4.4583,1.9018,-75.1346,
002015.SZ,霞客环保,2008-07-30,6.5827,6.6685,6.8947,6.5203,6.6529,8416963,72360681.5,0.0702,1.0664,8.597,6.1919,1159520048.15,N/A,1459380640,135934355,0,171088000,33.3517,4.5058,1.9221,-75.9358,
002015.SZ,霞客环保,2008-07-31,6.6529,6.7075,6.7777,6.1226,6.146,7857725,64124082.4,-0.507,-7.6202,8.1606,5.7805,1071162717.4,N/A,1348173440,135934355,0,171088000,30.8103,4.1625,1.7756,-70.1493,
002015.SZ,霞客环保,2008-08-01,6.146,6.1382,6.3955,6.0212,6.3721,7819884,62847496.1,0.2262,3.6802,8.0369,5.7527,1110583680.35,N/A,1397788960,135934355,0,171088000,31.9441,4.3156,1.841,-72.731,
002015.SZ,霞客环保,2008-08-04,6.3721,6.2552,6.3409,6.0056,6.0368,5217939,41176769.8,-0.3354,-5.2632,7.8914,3.8386,1052131907.7,N/A,1324221120,135934355,0,171088000,30.2629,4.0885,1.7441,-68.903,
002015.SZ,霞客环保,2008-08-05,6.0368,5.99,6.2162,5.8496,6.0056,5393249,41706728.1,-0.0312,-0.5168,7.7331,3.9675,1046694533.5,N/A,1317377600,135934355,0,171088000,30.1065,4.0674,1.7351,-68.5469,
002015.SZ,霞客环保,2008-08-06,6.0056,6.0758,6.3409,5.9276,6.2552,8014635,63577603.9,0.2496,4.1558,7.9327,5.896,1090193527.1,N/A,1372125760,135934355,0,171088000,31.3577,4.2364,1.8072,-71.3956,
002015.SZ,霞客环保,2008-08-07,6.2552,6.263,6.5125,6.068,6.3409,6893967,55916285.2,0.0858,1.3716,8.1109,5.0715,1105146306.15,N/A,1390945440,135934355,0,171088000,31.7877,4.2945,1.832,-72.3749,
002015.SZ,霞客环保,2008-08-08,6.3409,6.3799,6.3799,5.7092,5.7092,6224706,47618772.3,-0.6318,-9.9631,7.65,4.5792,995039478.6,N/A,1252364160,135934355,0,171088000,28.6207,3.8667,1.6494,-65.1641,
002015.SZ,霞客环保,2008-08-11,5.7092,5.5064,5.6546,5.1398,5.1398,4704615,31516351.7,-0.5694,-9.9727,6.699,3.4609,895807399.45,N/A,1127469920,135934355,0,171088000,25.7665,3.481,1.4849,-58.6655,
002015.SZ,霞客环保,2008-08-12,5.1398,4.8747,5.0306,4.7343,4.8435,7083426,44104881.7,-0.2964,-5.7663,6.2265,5.2109,844152344.55,N/A,1062456480,135934355,0,171088000,24.2807,3.2803,1.3993,-55.2827,
002015.SZ,霞客环保,2008-08-13,4.8435,4.7499,4.9838,4.6173,4.9137,6806361,42167763.9,0.0702,1.4493,6.1953,5.0071,856386436.5,N/A,1077854400,135934355,0,171088000,24.6326,3.3279,1.4196,-56.0839,
002015.SZ,霞客环保,2008-08-14,4.9137,4.7577,5.054,4.7187,4.937,7438642,46628253.3,0.0234,0.4762,6.2684,5.4722,860464467.15,N/A,1082987040,135934355,0,171088000,24.7499,3.3437,1.4264,-56.3509,
002015.SZ,霞客环保,2008-08-15,4.937,4.937,5.1944,4.7421,4.9916,9171100,58203816.9,0.0546,1.1058,6.3464,6.7467,869979872,N/A,1094963200,135934355,0,171088000,25.0236,3.3807,1.4421,-56.9741,
002015.SZ,霞客环保,2008-08-18,4.9916,4.9526,4.9526,4.4925,4.4925,6530603,39020402.1,-0.4992,-10,5.975,4.8042,782981884.8,N/A,985466880,135934355,0,171088000,22.5212,3.0426,1.2979,-51.2767,
002015.SZ,霞客环保,2008-08-19,4.4925,4.2351,4.9059,4.1805,4.8903,8952081,52029465.9,0.3978,8.8542,5.812,6.5856,852308405.85,N/A,1072721760,135934355,0,171088000,24.5153,3.312,1.4128,-55.8168,
002015.SZ,霞客环保,2008-08-20,4.8903,4.6797,5.3582,4.6797,5.249,13643992,89176025.8,0.3588,7.3365,6.5359,10.0372,914838209.15,N/A,1151422240,135934355,0,171088000,26.3138,3.555,1.5165,-59.9118,
002015.SZ,霞客环保,2008-08-21,5.249,5.093,5.3348,4.8357,4.8903,9634214,62399173.6,-0.3588,-6.8351,6.4768,7.0874,852308405.85,N/A,1072721760,135934355,0,171088000,24.5153,3.312,1.4128,-55.8168,
002015.SZ,霞客环保,2008-08-22,4.8903,4.7577,4.9682,4.5081,4.7577,6796173,41195598.5,-0.1326,-2.7113,6.0616,4.9996,829199565.5,N/A,1043636800,135934355,0,171088000,23.8506,3.2222,1.3745,-54.3034,
002015.SZ,霞客环保,2008-08-25,4.7577,4.7499,4.8591,4.6563,4.7733,4397086,26848524.4,0.0156,0.3279,6.106,3.2347,831918252.6,N/A,1047058560,135934355,0,171088000,23.9288,3.2328,1.379,-54.4815,
002015.SZ,霞客环保,2008-08-26,4.7733,4.7343,4.7733,4.3677,4.5627,5678980,33302131,-0.2106,-4.4118,5.8641,4.1777,795215976.75,N/A,1000864800,135934355,0,171088000,22.8731,3.0902,1.3182,-52.0779,
002015.SZ,霞客环保,2008-08-27,4.5627,4.4301,4.8357,4.4301,4.6329,7691712,45855537.3,0.0702,1.5385,5.9617,5.6584,807450068.7,N/A,1016262720,135934355,0,171088000,23.225,3.1377,1.3385,-52.8791,
002015.SZ,霞客环保,2008-08-28,4.6329,4.6407,4.7031,4.4457,4.5003,4680634,27196477.7,-0.1326,-2.862,5.8104,3.4433,784341228.35,N/A,987177760,135934355,0,171088000,22.5603,3.0479,1.3002,-51.3657,
002015.SZ,霞客环保,2008-08-29,4.5003,4.5393,4.7967,4.5237,4.7343,7399545,44278549,0.234,5.1993,5.984,5.4435,825121534.85,N/A,1038504160,135934355,0,171088000,23.7333,3.2064,1.3678,-54.0364,
002015.SZ,霞客环保,2008-09-01,4.7343,4.6407,4.7031,4.3989,4.4925,4670279,27203052.8,-0.2418,-5.1071,5.8247,3.4357,782981884.8,N/A,985466880,135934355,0,171088000,22.5212,3.0426,1.2979,-51.2767,
002015.SZ,霞客环保,2008-09-02,4.4925,4.4301,4.5939,4.2741,4.4457,3666651,20953796.6,-0.0468,-1.0417,5.7147,2.6974,774825823.5,N/A,975201600,135934355,0,171088000,22.2866,3.0109,1.2844,-50.7425,
002015.SZ,霞客环保,2008-09-03,4.4457,4.3677,4.6095,4.3677,4.5471,5583648,32290247.1,0.1014,2.2807,5.783,4.1076,792497289.65,N/A,997443040,135934355,0,171088000,22.7949,3.0796,1.3137,-51.8998,
002015.SZ,霞客环保,2008-09-04,4.5471,4.5315,4.6641,4.4145,4.5471,4563387,26565294,0,0,5.8214,3.3571,792497289.65,N/A,997443040,135934355,0,171088000,22.7949,3.0796,1.3137,-51.8998,
002015.SZ,霞客环保,2008-09-05,4.5471,4.3677,4.4769,4.0947,4.0947,6625003,36245559.3,-0.4524,-9.9485,5.471,4.8737,713655363.75,N/A,898212000,135934355,0,171088000,20.5271,2.7732,1.183,-46.7365,
002015.SZ,霞客环保,2008-09-08,4.0947,4.0713,4.1571,3.7827,3.8295,4824999,24144894.5,-0.2652,-6.4762,5.0041,3.5495,667437683.05,N/A,840042080,135934355,0,171088000,19.1978,2.5936,1.1064,-43.7098,
002015.SZ,霞客环保,2008-09-09,3.8295,3.8451,3.9621,3.8061,3.9075,3556678,17789809.2,0.078,2.0367,5.0018,2.6165,681031118.55,N/A,857150880,135934355,0,171088000,19.5888,2.6464,1.1289,-44.6,
002015.SZ,霞客环保,2008-09-10,3.9075,3.8919,4.1571,3.8529,4.0245,5929397,30622920.5,0.117,2.994,5.1646,4.362,701421271.8,N/A,882814080,135934355,0,171088000,20.1752,2.7257,1.1627,-45.9354,
002015.SZ,霞客环保,2008-09-11,4.0245,4.0011,4.0947,3.9075,4.0089,4431387,22732826,-0.0156,-0.3876,5.13,3.2599,698702584.7,N/A,879392320,135934355,0,171088000,20.097,2.7151,1.1582,-45.7573,
002015.SZ,霞客环保,2008-09-12,4.0089,4.0011,4.1181,3.9465,4.0011,4159689,21558633.6,-0.0078,-0.1946,5.1828,3.0601,697343241.15,N/A,877681440,135934355,0,171088000,20.058,2.7098,1.156,-45.6683,
002015.SZ,霞客环保,2008-09-16,4.0011,4.0011,4.1025,3.9231,3.9777,4938211,25511381.6,-0.0234,-0.5848,5.1661,3.6328,693265210.5,N/A,872548800,135934355,0,171088000,19.9407,2.694,1.1492,-45.4012,
002015.SZ,霞客环保,2008-09-17,3.9777,4.0245,4.0401,3.8139,3.9153,3854394,19325682.3,-0.0624,-1.5686,5.0139,2.8355,682390462.1,N/A,858861760,135934355,0,171088000,19.6279,2.6517,1.1312,-44.689,
002015.SZ,霞客环保,2008-09-18,3.9153,3.8217,4.0167,3.5253,3.8685,5859791,28217683.9,-0.0468,-1.1952,4.8155,4.3108,674234400.8,N/A,848596480,135934355,0,171088000,19.3933,2.62,1.1177,-44.1549,
002015.SZ,霞客环保,2008-09-19,3.8685,4.2507,4.2585,4.1337,4.2585,6121900,33227973,0.39,10.0806,5.4277,4.5036,742201578.3,N/A,934140480,135934355,0,171088000,21.3482,2.8841,1.2303,-48.606,
002015.SZ,霞客环保,2008-09-22,4.2585,4.5237,4.6875,4.2741,4.4379,13831157,79665910.5,0.1794,4.2125,5.7599,10.1749,773466479.95,N/A,973490720,135934355,0,171088000,22.2475,3.0056,1.2821,-50.6535,
002015.SZ,霞客环保,2008-09-23,4.4379,4.2351,4.2663,4.0401,4.1961,6924156,36810377.8,-0.2418,-5.4482,5.3162,5.0937,731326829.9,N/A,920453440,135934355,0,171088000,21.0354,2.8419,1.2123,-47.8938,
002015.SZ,霞客环保,2008-09-24,4.1961,4.2819,4.4769,4.2507,4.4301,10427378,58339343.1,0.234,5.5762,5.5948,7.6709,772107136.4,N/A,971779840,135934355,0,171088000,22.2084,3.0004,1.2799,-50.5645,
002015.SZ,霞客环保,2008-09-25,4.4301,4.3131,4.5627,4.2741,4.5315,11390168,64982287.6,0.1014,2.2887,5.7051,8.3792,789778602.55,N/A,994021280,135934355,0,171088000,22.7167,3.069,1.3092,-51.7218,
002015.SZ,霞客环保,2008-09-26,4.5315,4.5315,4.6563,4.3365,4.4847,10361086,59825194.8,-0.0468,-1.0327,5.774,7.6221,781622541.25,N/A,983756000,135934355,0,171088000,22.4821,3.0373,1.2957,-51.1876,
002015.SZ,霞客环保,2008-10-06,4.4847,4.3287,4.6797,4.2351,4.6641,12466174,72309116.5,0.1794,4,5.8004,9.1707,812887442.9,N/A,1023106240,135934355,0,171088000,23.3814,3.1588,1.3475,-53.2352,
002015.SZ,霞客环保,2008-10-07,4.6641,4.4847,4.8591,4.4067,4.4925,11804330,70242076.1,-0.1716,-3.6789,5.9505,8.6838,782981884.8,N/A,985466880,135934355,0,171088000,22.5212,3.0426,1.2979,-51.2767,
002015.SZ,霞客环保,2008-10-08,4.4925,4.3287,4.5627,4.2897,4.4223,7520648,42390299.9,-0.0702,-1.5625,5.6365,5.5326,770747792.85,N/A,970068960,135934355,0,171088000,22.1693,2.9951,1.2776,-50.4755,
002015.SZ,霞客环保,2008-10-09,4.4223,4.4847,4.5003,3.9777,3.9855,6752327,36563478,-0.4368,-9.8765,5.4149,4.9673,694624554.05,N/A,874259680,135934355,0,171088000,19.9798,2.6993,1.1515,-45.4902,
002015.SZ,霞客环保,2008-10-10,3.9855,3.7671,3.7905,3.5877,3.5877,6461776,30200466.2,-0.3978,-9.9804,4.6737,4.7536,625298033,N/A,787004800,135934355,0,171088000,17.9857,2.4299,1.0365,-40.9501,
002015.SZ,霞客环保,2008-10-13,3.5877,3.5253,3.6501,3.2368,3.6501,6041960,26497007.4,0.0624,1.7391,4.3855,4.4448,636172781.4,N/A,800691840,135934355,0,171088000,18.2985,2.4721,1.0546,-41.6623,
002015.SZ,霞客环保,2008-10-14,3.6501,3.7593,3.8607,3.3148,3.3382,6550726,30151087.9,-0.312,-8.547,4.6027,4.819,581799039.4,N/A,732256640,135934355,0,171088000,16.7345,2.2608,0.9644,-38.1014,
002015.SZ,霞客环保,2008-10-15,3.3382,3.3148,3.3538,3.2446,3.2992,3016400,12747918.7,-0.039,-1.1682,4.2262,2.219,575002321.65,N/A,723702240,135934355,0,171088000,16.539,2.2344,0.9532,-37.6563,
002015.SZ,霞客环保,2008-10-16,3.2992,3.1198,3.1354,2.9872,3.0808,4565577,17900583.3,-0.2184,-6.6194,3.9208,3.3587,536940702.25,N/A,675797600,135934355,0,171088000,15.4442,2.0865,0.8901,-35.1637,
002015.SZ,霞客环保,2008-10-17,3.0808,3.112,3.1822,3.0652,3.1276,3074303,12313784.2,0.0468,1.519,4.0054,2.2616,545096763.55,N/A,686062880,135934355,0,171088000,15.6788,2.1182,0.9036,-35.6978,
002015.SZ,霞客环保,2008-10-20,3.1276,3.1198,3.307,3.0418,3.2914,3707823,15215443.6,0.1638,5.2369,4.1036,2.7277,573642978.1,N/A,721991360,135934355,0,171088000,16.4999,2.2291,0.9509,-37.5673,
002015.SZ,霞客环保,2008-10-21,3.2914,3.4006,3.6189,3.3538,3.3694,13009290,59023770.1,0.078,2.3697,4.537,9.5703,587236413.6,N/A,739100160,135934355,0,171088000,16.8909,2.282,0.9734,-38.4575,
002015.SZ,霞客环保,2008-10-22,3.3694,3.2056,3.4708,3.1822,3.3148,8310654,35615374,-0.0546,-1.6204,4.2855,6.1137,577721008.75,N/A,727124000,135934355,0,171088000,16.6172,2.245,0.9577,-37.8344,
002015.SZ,霞客环保,2008-10-23,3.3148,3.19,3.3694,3.1432,3.3538,4893610,20460071.4,0.039,1.1765,4.181,3.6,584517726.5,N/A,735678400,135934355,0,171088000,16.8127,2.2714,0.9689,-38.2795,
002015.SZ,霞客环保,2008-10-24,3.3538,3.3538,3.3928,3.1666,3.2446,4296500,18002036.6,-0.1092,-3.2558,4.1899,3.1607,565486916.8,N/A,711726080,135934355,0,171088000,16.2653,2.1974,0.9374,-37.0331,
002015.SZ,霞客环保,2008-10-27,3.2446,3.1198,3.1822,2.917,2.917,4764966,18602631.7,-0.3276,-10.0962,3.904,3.5053,508394487.7,N/A,639869120,135934355,0,171088000,14.6231,1.9756,0.8427,-33.2942,
002015.SZ,霞客环保,2008-10-28,2.917,2.839,3.1978,2.8312,3.0886,6366150,24805183,0.1716,5.8824,3.8964,4.6833,538300045.8,N/A,677508480,135934355,0,171088000,15.4833,2.0918,0.8923,-35.2527,
002015.SZ,霞客环保,2008-10-29,3.0886,3.1198,3.1822,2.8858,2.8936,6248739,24679927.3,-0.195,-6.3131,3.9496,4.5969,504316457.05,N/A,634736480,135934355,0,171088000,14.5058,1.9597,0.836,-33.0272,
002015.SZ,霞客环保,2008-10-30,2.8936,2.9248,2.9716,2.7922,2.8936,4150185,15378078.4,0,0,3.7054,3.0531,504316457.05,N/A,634736480,135934355,0,171088000,14.5058,1.9597,0.836,-33.0272,
002015.SZ,霞客环保,2008-10-31,2.8936,2.878,2.9326,2.8,2.839,2772422,10143248.6,-0.0546,-1.8868,3.6586,2.0395,494801052.2,N/A,622760320,135934355,0,171088000,14.2322,1.9228,0.8202,-32.404,
002015.SZ,霞客环保,2008-11-03,2.839,2.8156,2.9092,2.8156,2.8468,2500885,9175630.9,0.0078,0.2747,3.669,1.8398,496160395.75,N/A,624471200,135934355,0,171088000,14.2713,1.928,0.8225,-32.493,
002015.SZ,霞客环保,2008-11-04,2.8468,2.8234,2.8546,2.5894,2.6674,4513276,15499159.3,-0.1794,-6.3014,3.4341,3.3202,464895494.1,N/A,585120960,135934355,0,171088000,13.372,1.8066,0.7706,-30.4455,
002015.SZ,霞客环保,2008-11-05,2.6674,2.6908,2.839,2.6674,2.7766,4426093,15642731.6,0.1092,4.0936,3.5342,3.2561,483926303.8,N/A,609073280,135934355,0,171088000,13.9194,1.8805,0.8022,-31.6918,
002015.SZ,霞客环保,2008-11-06,2.7766,2.6752,2.8546,2.644,2.8312,3928732,13883708.5,0.0546,1.9663,3.5339,2.8902,493441708.65,N/A,621049440,135934355,0,171088000,14.1931,1.9175,0.818,-32.315,
002015.SZ,霞客环保,2008-11-07,2.8312,2.7454,2.956,2.6908,2.878,5407461,19831881.8,0.0468,1.6529,3.6675,3.978,501597769.95,N/A,631314720,135934355,0,171088000,14.4276,1.9492,0.8315,-32.8491,
002015.SZ,霞客环保,2008-11-10,2.878,2.9716,3.1666,2.917,3.1432,9568535,37434567.6,0.2652,9.2141,3.9123,7.0391,547815450.65,N/A,689484640,135934355,0,171088000,15.757,2.1288,0.9081,-35.8759,
002015.SZ,霞客环保,2008-11-11,3.1432,3.112,3.1744,3.0028,3.0106,7616836,30107649.4,-0.1326,-4.2184,3.9528,5.6033,524706610.3,N/A,660399680,135934355,0,171088000,15.0923,2.039,0.8698,-34.3625,
002015.SZ,霞客环保,2008-11-12,3.0106,2.9872,3.0964,2.9482,3.073,4922191,19186690.3,0.0624,2.0725,3.898,3.621,535581358.7,N/A,674086720,135934355,0,171088000,15.4051,2.0812,0.8878,-35.0747,
002015.SZ,霞客环保,2008-11-13,3.073,3.0808,3.3772,3.073,3.3772,15013584,63929239.2,0.3042,9.8985,4.2581,11.0447,588595757.15,N/A,740811040,135934355,0,171088000,16.93,2.2872,0.9757,-38.5465,
002015.SZ,霞客环保,2008-11-14,3.3772,3.5176,3.5721,3.346,3.5643,20218405,89470496.9,0.1872,5.5427,4.4252,14.8737,621220002.35,N/A,781872160,135934355,0,171088000,17.8684,2.414,1.0298,-40.6831,
002015.SZ,霞客环保,2008-11-17,3.5643,3.4708,3.8607,3.4162,3.7125,14996771,69714947.3,0.1482,4.1575,4.6487,11.0324,647047529.8,N/A,814378880,135934355,0,171088000,18.6113,2.5144,1.0726,-42.3745,
002015.SZ,霞客环保,2008-11-18,3.7125,3.6813,3.8841,3.3382,3.3382,15943138,73375983.7,-0.3744,-10.084,4.6024,11.7286,581799039.4,N/A,732256640,135934355,0,171088000,16.7345,2.2608,0.9644,-38.1014,
002015.SZ,霞客环保,2008-11-19,3.3382,3.2758,3.6189,3.2758,3.5721,11358746,50041732.4,0.234,7.0093,4.4056,8.3561,622579345.9,N/A,783583040,135934355,0,171088000,17.9075,2.4193,1.032,-40.7721,
002015.SZ,霞客环保,2008-11-20,3.5721,3.5643,3.7749,3.5409,3.5955,13157005,61774172.8,0.0234,0.655,4.6952,9.6789,626657376.55,N/A,788715680,135934355,0,171088000,18.0248,2.4351,1.0388,-41.0391,
002015.SZ,霞客环保,2008-11-21,3.5955,3.4318,3.5799,3.2446,3.424,9615363,42022771.5,-0.1716,-4.7722,4.3704,7.0735,596751818.45,N/A,751076320,135934355,0,171088000,17.1646,2.3189,0.9892,-39.0807,
002015.SZ,霞客环保,2008-11-24,3.424,3.3928,3.5487,3.2836,3.2992,5841452,25426518.7,-0.1248,-3.6446,4.3528,4.2973,575002321.65,N/A,723702240,135934355,0,171088000,16.539,2.2344,0.9532,-37.6563,
002015.SZ,霞客环保,2008-11-25,3.2992,3.4162,3.4318,3.19,3.3538,5882674,25022955.2,0.0546,1.6548,4.2537,4.3276,584517726.5,N/A,735678400,135934355,0,171088000,16.8127,2.2714,0.9689,-38.2795,
002015.SZ,霞客环保,2008-11-26,3.3538,3.346,3.385,3.2602,3.3148,3853154,16405580.4,-0.039,-1.1628,4.2577,2.8346,577721008.75,N/A,727124000,135934355,0,171088000,16.6172,2.245,0.9577,-37.8344,
002015.SZ,霞客环保,2008-11-27,3.3148,3.5487,3.5721,3.346,3.3616,10525916,47032609.3,0.0468,1.4118,4.4683,7.7434,585877070.05,N/A,737389280,135934355,0,171088000,16.8518,2.2767,0.9712,-38.3685,
002015.SZ,霞客环保,2008-11-28,3.3616,3.3148,3.5409,3.268,3.4786,11150600,49122468.7,0.117,3.4803,4.4054,8.2029,606267223.3,N/A,763052480,135934355,0,171088000,17.4383,2.3559,1.005,-39.7038,
002015.SZ,霞客环保,2008-12-01,3.4786,3.4864,3.8295,3.4162,3.8295,17351469,82410009.5,0.351,10.0897,4.7495,12.7646,667437683.05,N/A,840042080,135934355,0,171088000,19.1978,2.5936,1.1064,-43.7098,
002015.SZ,霞客环保,2008-12-02,3.8295,3.8061,4.0401,3.7515,3.8919,28186196,141855045.6,0.0624,1.6293,5.0328,20.7352,678312431.45,N/A,853729120,135934355,0,171088000,19.5106,2.6359,1.1244,-44.422,
002015.SZ,霞客环保,2008-12-03,3.8919,3.9309,4.0479,3.8529,4.0167,17731090,90309392.4,0.1248,3.2064,5.0933,13.0439,700061928.25,N/A,881103200,135934355,0,171088000,20.1361,2.7204,1.1605,-45.8463,
002015.SZ,霞客环保,2008-12-04,4.0167,4.0713,4.2897,3.9777,4.0791,21713816,113325035,0.0624,1.5534,5.219,15.9738,710936676.65,N/A,894790240,135934355,0,171088000,20.4489,2.7626,1.1785,-46.5585,
002015.SZ,霞客环保,2008-12-05,4.0791,4.0401,4.1961,3.9933,4.1259,15856475,83263083.5,0.0468,1.1472,5.251,11.6108,722438573.02,N/A,905055520,136566838,0,171088000,20.6835,2.7943,1.192,-47.0926,
002015.SZ,霞客环保,2008-12-08,4.1259,4.1415,4.2663,4.0713,4.2195,16589210,88636839,0.0936,2.2684,5.343,12.1473,738826593.58,N/A,925586080,136566838,0,171088000,21.1527,2.8577,1.2191,-48.1609,
002015.SZ,霞客环保,2008-12-09,4.2195,4.1883,4.2039,3.9465,3.9699,14046396,72813117.3,-0.2496,-5.915,5.1838,10.2854,695125205.42,N/A,870837920,136566838,0,171088000,19.9016,2.6887,1.1469,-45.3122,
002015.SZ,霞客环保,2008-12-10,3.9699,3.9465,4.2429,3.9387,4.1883,15237520,80576401.1,0.2184,5.501,5.288,10.442,783622496.49,N/A,918742560,145925977,0,171088000,20.9963,2.8366,1.21,-47.8048,
002015.SZ,霞客环保,2008-12-11,4.1883,4.1805,4.2195,3.9621,3.9699,10137773,52897049.3,-0.2184,-5.2142,5.2178,6.9472,742763222.93,N/A,870837920,145925977,0,171088000,19.9016,2.6887,1.1469,-45.3122,
002015.SZ,霞客环保,2008-12-12,3.9699,3.8997,4.0479,3.6189,3.7671,8853654,44142057.1,-0.2028,-5.1081,4.9857,6.0672,704822468.91,N/A,826355040,145925977,0,171088000,18.885,2.5514,1.0884,-42.9976,
002015.SZ,霞客环保,2008-12-15,3.7671,3.8841,4.1337,3.7671,4.0791,12846556,65293007.4,0.312,8.2816,5.0825,8.8035,763192859.71,N/A,894790240,145925977,0,171088000,20.4489,2.7626,1.1785,-46.5585,
002015.SZ,霞客环保,2008-12-16,4.0791,3.9855,4.0635,3.8529,4.0401,8268238,41912161.1,-0.039,-0.956,5.0691,5.666,755896560.86,N/A,886235840,145925977,0,171088000,20.2534,2.7362,1.1672,-46.1134,
002015.SZ,霞客环保,2008-12-17,4.0401,4.0479,4.2429,4.0089,4.0323,13430990,70977370.3,-0.0078,-0.1931,5.2846,9.204,754437301.09,N/A,884524960,145925977,0,171088000,20.2143,2.731,1.165,-46.0244,
002015.SZ,霞客环保,2008-12-18,4.0323,3.9777,4.0869,3.9231,4.0713,7709510,39665907,0.039,0.9671,5.1451,5.2832,761733599.94,N/A,893079360,145925977,0,171088000,20.4098,2.7574,1.1762,-46.4695,
002015.SZ,霞客环保,2008-12-19,4.0713,4.0791,4.1961,4.0557,4.0791,8672826,45906491,0.0078,0.1916,5.2931,5.9433,763192859.71,N/A,894790240,145925977,0,171088000,20.4489,2.7626,1.1785,-46.5585,
002015.SZ,霞客环保,2008-12-22,4.0791,4.0791,4.0791,4.0791,4.0791,N/A,N/A,0,0,N/A,N/A,763192859.71,N/A,894790240,145925977,0,171088000,20.4489,2.7626,1.1785,-46.5585,
002015.SZ,霞客环保,2008-12-23,4.0791,4.1103,4.3053,3.9153,3.9153,18533072,99074394.4,-0.1638,-4.0153,5.3458,12.7003,732548404.54,N/A,858861760,145925977,0,171088000,19.6279,2.6517,1.1312,-44.689,
002015.SZ,霞客环保,2008-12-24,3.9153,3.7983,3.8373,3.6345,3.7047,8556329,40913604,-0.2106,-5.3785,4.7817,5.8635,693148390.75,N/A,812668000,145925977,0,171088000,18.5722,2.5091,1.0703,-42.2854,
002015.SZ,霞客环保,2008-12-25,3.7047,3.7671,3.8607,3.6423,3.7749,6945905,33558807.3,0.0702,1.8947,4.8315,4.7599,706281728.68,N/A,828065920,145925977,0,171088000,18.9241,2.5566,1.0906,-43.0866,
002015.SZ,霞客环保,2008-12-26,3.7749,3.7593,3.8841,3.6345,3.7749,6555195,31587309.6,0,0,4.8187,4.4921,706281728.68,N/A,828065920,145925977,0,171088000,18.9241,2.5566,1.0906,-43.0866,
002015.SZ,霞客环保,2008-12-29,3.7749,3.6891,3.7203,3.5253,3.6501,4131999,19215241.5,-0.1248,-3.3058,4.6503,2.8316,682933572.36,N/A,800691840,145925977,0,171088000,18.2985,2.4721,1.0546,-41.6623,
002015.SZ,霞客环保,2008-12-30,3.6501,3.6813,3.7047,3.5721,3.6033,3385921,15803826.2,-0.0468,-1.2821,4.6675,2.3203,674178013.74,N/A,790426560,145925977,0,171088000,18.0639,2.4404,1.041,-41.1282,
002015.SZ,霞客环保,2008-12-31,3.6033,3.6267,3.6579,3.4864,3.4942,3468884,15937077.5,-0.1092,-3.0303,4.5943,2.3772,653748376.96,N/A,766474240,145925977,0,171088000,17.5165,2.3665,1.0095,-39.8819,
002015.SZ,霞客环保,2009-01-05,3.4942,3.5565,3.6657,3.5253,3.6579,4675561,21667126.7,0.1638,4.6875,4.6341,3.2041,684392832.13,N/A,802402720,145925977,0,171088000,56.9887,2.4101,0.7264,-62.7003,
002015.SZ,霞客环保,2009-01-06,3.6579,3.6657,3.8061,3.6267,3.7905,7827293,37519189.5,0.1326,3.6247,4.7934,5.3639,709200248.22,N/A,831487680,145925977,0,171088000,59.0544,2.4974,0.7528,-64.973,
002015.SZ,霞客环保,2009-01-07,3.7905,3.7437,3.8373,3.7281,3.7671,5602971,27127111.5,-0.0234,-0.6173,4.8416,3.8396,704822468.91,N/A,826355040,145925977,0,171088000,58.6899,2.482,0.7481,-64.5719,
002015.SZ,霞客环保,2009-01-08,3.7671,3.6657,3.8919,3.6267,3.8373,9275324,45307450.3,0.0702,1.8634,4.8847,6.3562,717955806.84,N/A,841752960,145925977,0,171088000,59.7835,2.5283,0.7621,-65.7751,
002015.SZ,霞客环保,2009-01-09,3.8373,3.8061,4.1181,3.7827,4.0713,13712437,69691428.6,0.234,6.0976,5.0824,9.3968,761733599.94,N/A,893079360,145925977,0,171088000,63.4288,2.6824,0.8085,-69.7858,
002015.SZ,霞客环保,2009-01-12,4.0713,3.9855,4.1493,3.9855,4.0323,10134326,52923401.2,-0.039,-0.9579,5.2222,6.9448,754437301.09,N/A,884524960,145925977,0,171088000,62.8212,2.6567,0.8008,-69.1174,
002015.SZ,霞客环保,2009-01-13,4.0323,3.9855,4.0089,3.7905,3.8139,6507261,32461627.2,-0.2184,-5.4159,4.9885,4.4593,713578027.53,N/A,836620320,145925977,0,171088000,59.4189,2.5129,0.7574,-65.3741,
002015.SZ,霞客环保,2009-01-14,3.8139,3.7671,3.9933,3.7437,3.9699,6687769,33478803.4,0.156,4.09,5.006,4.583,742763222.93,N/A,870837920,145925977,0,171088000,61.8492,2.6156,0.7884,-68.0479,
002015.SZ,霞客环保,2009-01-15,3.9699,3.9153,4.0947,3.8919,4.0011,8804731,45159729.6,0.0312,0.7859,5.129,6.0337,748600262.01,N/A,877681440,145925977,0,171088000,62.3352,2.6362,0.7946,-68.5826,
002015.SZ,霞客环保,2009-01-16,4.0011,4.0011,4.1727,4.0011,4.0713,12297439,64560064.5,0.0702,1.7544,5.2499,8.4272,761733599.94,N/A,893079360,145925977,0,171088000,63.4288,2.6824,0.8085,-69.7858,
002015.SZ,霞客环保,2009-01-19,4.0713,4.1025,4.1571,3.9855,4.0635,8913246,46509755.7,-0.0078,-0.1916,5.218,6.1081,760274340.17,N/A,891368480,145925977,0,171088000,63.3073,2.6773,0.807,-69.6521,
002015.SZ,霞客环保,2009-01-20,4.0635,4.0557,4.2273,4.0089,4.1883,11438781,60642768.1,0.1248,3.071,5.3015,7.8388,783622496.49,N/A,918742560,145925977,0,171088000,65.2515,2.7595,0.8318,-71.7912,
002015.SZ,霞客环保,2009-01-21,4.1883,4.1103,4.3521,4.0791,4.2897,17344534,94564442.1,0.1014,2.4209,5.4521,11.8858,802592873.5,N/A,940984000,145925977,0,171088000,66.8311,2.8263,0.8519,-73.5291,
002015.SZ,霞客环保,2009-01-22,4.2897,4.2741,4.4457,4.1961,4.2351,16189270,89314103.1,-0.0546,-1.2727,5.5169,11.0942,792378055.11,N/A,929007840,145925977,0,171088000,65.9805,2.7903,0.8411,-72.5933,
002015.SZ,霞客环保,2009-01-23,4.2351,4.1025,4.1181,3.9387,4.0089,16237771,83453488.2,-0.2262,-5.3407,5.1395,11.1274,750059521.78,N/A,879392320,145925977,0,171088000,62.4567,2.6413,0.7961,-68.7163,
002015.SZ,霞客环保,2009-02-02,4.0089,4.0089,4.1337,3.9699,4.1181,9648870,50111534.9,0.1092,2.7237,5.1935,6.6122,770489158.56,N/A,903344640,145925977,0,171088000,64.1579,2.7133,0.8178,-70.588,
002015.SZ,霞客环保,2009-02-03,4.1181,4.1025,4.2351,4.0791,4.2273,13803302,73956459.4,0.1092,2.6515,5.3579,9.4591,790918795.34,N/A,927296960,145925977,0,171088000,65.859,2.7852,0.8395,-72.4596,
002015.SZ,霞客环保,2009-02-04,4.2273,4.2507,4.4457,4.1961,4.3833,19923525,110903780.9,0.156,3.69,5.5665,13.6532,820103990.74,N/A,961514560,145925977,0,171088000,68.2892,2.888,0.8705,-75.1334,
002015.SZ,霞客环保,2009-02-05,4.3833,4.3833,4.5861,4.2585,4.4457,20483164,115205099.9,0.0624,1.4235,5.6244,14.0367,831778068.9,N/A,975201600,145925977,0,171088000,69.2613,2.9291,0.8829,-76.2029,
002015.SZ,霞客环保,2009-02-06,4.4457,4.4379,4.6251,4.4067,4.5627,16464070,95736052,0.117,2.6316,5.8148,11.2825,853666965.45,N/A,1000864800,145925977,0,171088000,71.084,3.0062,0.9061,-78.2083,
002015.SZ,霞客环保,2009-02-09,4.5627,4.5783,4.6407,4.4769,4.5939,16997366,99195169.9,0.0312,0.6838,5.8359,11.6479,859504004.53,N/A,1007708320,145925977,0,171088000,71.57,3.0267,0.9123,-78.743,
002015.SZ,霞客环保,2009-02-10,4.5939,4.5627,4.7967,4.4535,4.7967,18562408,109977471.7,0.2028,4.4143,5.9247,12.7204,897444758.55,N/A,1052191200,145925977,0,171088000,74.7293,3.1603,0.9526,-82.2189,
002015.SZ,霞客环保,2009-02-11,4.7967,4.7421,5.1086,4.6875,4.8201,27022114,168501414.3,0.0234,0.4878,6.2357,18.5177,901822537.86,N/A,1057323840,145925977,0,171088000,75.0939,3.1758,0.9572,-82.62,
002015.SZ,霞客环保,2009-02-12,4.8201,4.8513,4.8669,4.5081,4.7421,12863470,77380720.9,-0.078,-1.6181,6.0155,8.8151,887229940.16,N/A,1040215040,145925977,0,171088000,73.8788,3.1244,0.9417,-81.2831,
002015.SZ,霞客环保,2009-02-13,4.7421,4.7421,4.976,4.7109,4.8903,15531292,96906018.1,0.1482,3.125,6.2394,10.6433,914955875.79,N/A,1072721760,145925977,0,171088000,76.1875,3.222,0.9712,-83.8232,
002015.SZ,霞客环保,2009-02-16,4.8903,4.9682,4.9682,4.7421,4.9137,14487694,90385187.8,0.0234,0.4785,6.2388,9.9281,919333655.1,N/A,1077854400,145925977,0,171088000,76.552,3.2374,0.9758,-84.2243,
002015.SZ,霞客环保,2009-02-17,4.9137,4.9059,4.9059,4.6797,4.6797,12362130,75798936.4,-0.234,-4.7619,6.1315,8.4715,875555862,N/A,1026528000,145925977,0,171088000,72.9067,3.0833,0.9293,-80.2136,
002015.SZ,霞客环保,2009-02-18,4.6797,4.4925,4.7577,4.4925,4.5393,9446343,56093496.9,-0.1404,-3,5.9381,6.4734,849289186.14,N/A,995732160,145925977,0,171088000,70.7195,2.9908,0.9015,-77.8072,
002015.SZ,霞客环保,2009-02-19,4.5393,4.6017,4.6797,4.5159,4.6251,6898656,40614601.5,0.0858,1.89,5.8873,4.7275,865341043.61,N/A,1014551840,145925977,0,171088000,72.0561,3.0473,0.9185,-79.2778,
002015.SZ,霞客环保,2009-02-20,4.6251,4.6251,4.8201,4.6017,4.7967,10122312,61623040.3,0.1716,3.7099,6.0878,6.9366,897444758.55,N/A,1052191200,145925977,0,171088000,74.7293,3.1603,0.9526,-82.2189,
002015.SZ,霞客环保,2009-02-23,4.7967,4.7811,5.0306,4.7187,4.937,14786722,92556400.2,0.1404,2.9268,6.2594,10.133,923711434.41,N/A,1082987040,145925977,0,171088000,76.9165,3.2528,0.9805,-84.6253,
002015.SZ,霞客环保,2009-02-24,4.937,4.8825,4.9215,4.5471,4.5705,13705521,83343940.6,-0.3666,-7.425,6.081,9.3921,855126225.22,N/A,1002575680,145925977,0,171088000,71.2055,3.0113,0.9077,-78.3419,
002015.SZ,霞客环保,2009-02-25,4.5705,4.5939,4.7265,4.4457,4.6719,8775579,52114053.6,0.1014,2.2184,5.9385,6.0137,874096602.23,N/A,1024817120,145925977,0,171088000,72.7852,3.0781,0.9278,-80.0799,
002015.SZ,霞客环保,2009-02-26,4.6719,4.6329,4.7187,4.2039,4.2117,9469827,54561503.3,-0.4602,-9.8497,5.7616,6.4895,788000275.8,N/A,923875200,145925977,0,171088000,65.616,2.7749,0.8364,-72.1922,
002015.SZ,霞客环保,2009-02-27,4.2117,4.1805,4.1961,3.7905,3.7905,8418027,42443655.9,-0.4212,-10,5.042,5.7687,709200248.22,N/A,831487680,145925977,0,171088000,59.0544,2.4974,0.7528,-64.973,
002015.SZ,霞客环保,2009-03-02,3.7905,3.7593,3.9231,3.7125,3.8529,5277684,26124664.3,0.0624,1.6461,4.95,3.6167,720874326.38,N/A,845174720,145925977,0,171088000,60.0265,2.5385,0.7652,-66.0425,
002015.SZ,霞客环保,2009-03-03,3.8529,3.7827,3.9387,3.7047,3.8919,5909468,29014319.8,0.039,1.0121,4.9098,4.0496,728170625.23,N/A,853729120,145925977,0,171088000,60.634,2.5642,0.7729,-66.711,
002015.SZ,霞客环保,2009-03-04,3.8919,3.9075,4.1337,3.9075,4.1181,8352526,43286437.9,0.2262,5.8116,5.1824,5.7238,770489158.56,N/A,903344640,145925977,0,171088000,64.1579,2.7133,0.8178,-70.588,
002015.SZ,霞客环保,2009-03-05,4.1181,4.1415,4.1805,3.9621,4.0869,9130267,47854141.8,-0.0312,-0.7576,5.2413,6.2568,764652119.48,N/A,896501120,145925977,0,171088000,63.6718,2.6927,0.8116,-70.0532,
002015.SZ,霞客环保,2009-03-06,4.0869,4.0167,4.1493,3.9777,4.1337,8031048,41753221,0.0468,1.145,5.199,5.5035,773407678.1,N/A,906766400,145925977,0,171088000,64.4009,2.7235,0.8209,-70.8553,
002015.SZ,霞客环保,2009-03-09,4.1337,4.1727,4.3989,4.1415,4.3833,18007782,98765837.8,0.2496,6.0377,5.4846,12.3404,820103990.74,N/A,961514560,145925977,0,171088000,68.2892,2.888,0.8705,-75.1334,
002015.SZ,霞客环保,2009-03-10,4.3833,4.3521,4.4847,4.2195,4.4067,16265558,90842219.8,0.0234,0.5338,5.5849,11.1464,824481770.05,N/A,966647200,145925977,0,171088000,68.6538,2.9034,0.8751,-75.5345,
002015.SZ,霞客环保,2009-03-11,4.4067,4.4769,4.5627,4.3053,4.3521,13845747,78619821.2,-0.0546,-1.2389,5.6783,9.4882,814266951.66,N/A,954671040,145925977,0,171088000,67.8032,2.8674,0.8643,-74.5986,
002015.SZ,霞客环保,2009-03-12,4.3521,4.3521,4.4145,4.0245,4.3365,8923614,48067511.8,-0.0156,-0.3584,5.3866,6.1152,811348432.12,N/A,951249280,145925977,0,171088000,67.5602,2.8571,0.8612,-74.3313,
002015.SZ,霞客环保,2009-03-13,4.3365,4.2897,4.6485,4.2195,4.4847,15171889,85874572.1,0.1482,3.4173,5.6601,10.397,839074367.75,N/A,983756000,145925977,0,171088000,69.8689,2.9548,0.8906,-76.8714,
002015.SZ,霞客环保,2009-03-16,4.4847,4.3989,4.5627,4.3365,4.4691,11214782,64185334.8,-0.0156,-0.3478,5.7233,7.6853,836155848.21,N/A,980334240,145925977,0,171088000,69.6259,2.9445,0.8875,-76.604,
002015.SZ,霞客环保,2009-03-17,4.4691,4.4379,4.5627,4.3677,4.5393,11870963,68444368.9,0.0702,1.5707,5.7657,8.1349,849289186.14,N/A,995732160,145925977,0,171088000,70.7195,2.9908,0.9015,-77.8072,
002015.SZ,霞客环保,2009-03-18,4.5393,4.5393,4.5393,4.5393,4.5393,N/A,N/A,0,0,N/A,N/A,849289186.14,N/A,995732160,145925977,0,171088000,70.7195,2.9908,0.9015,-77.8072,
002015.SZ,霞客环保,2009-03-19,4.5393,4.5315,4.6953,4.3755,4.6407,16757372,97624131.9,0.1014,2.2337,5.8257,11.4835,868259563.15,N/A,1017973600,145925977,0,171088000,72.2991,3.0576,0.9216,-79.5452,
002015.SZ,霞客环保,2009-03-20,4.6407,4.5705,4.6095,4.4379,4.4535,8938256,51671788,-0.1872,-4.0336,5.781,6.1252,833237328.67,N/A,976912480,145925977,0,171088000,69.3828,2.9342,0.8844,-76.3366,
002015.SZ,霞客环保,2009-03-23,4.4535,4.4301,4.5315,4.3911,4.4847,9273810,53283223.9,0.0312,0.7005,5.7456,6.3551,839074367.75,N/A,983756000,145925977,0,171088000,69.8689,2.9548,0.8906,-76.8714,
002015.SZ,霞客环保,2009-03-24,4.4847,4.5237,4.6407,4.4691,4.5783,12178806,71186805.6,0.0936,2.087,5.8451,8.3459,856585484.99,N/A,1004286560,145925977,0,171088000,71.327,3.0165,0.9092,-78.4756,
002015.SZ,霞客环保,2009-03-25,4.5783,4.5315,4.9137,4.5081,4.7187,27532515,167449220.4,0.1404,3.0664,6.0819,18.8675,882852160.85,N/A,1035082400,145925977,0,171088000,73.5142,3.1089,0.9371,-80.882,
002015.SZ,霞客环保,2009-03-26,4.7187,4.8357,5.1944,4.7187,5.1944,38343914,244592424,0.4758,10.0826,6.3789,26.2763,971867006.82,N/A,1139446080,145925977,0,171088000,80.9264,3.4224,1.0316,-89.0371,
002015.SZ,霞客环保,2009-03-27,5.1944,5.2178,5.4752,5.0306,5.4284,38525123,259107274.2,0.234,4.5045,6.7257,26.4005,1015644799.92,N/A,1190772480,145925977,0,171088000,84.5717,3.5766,1.078,-93.0478,
002015.SZ,霞客环保,2009-03-30,5.4284,5.2958,5.3504,5.1008,5.21,18274911,122585182.8,-0.2184,-4.023,6.7078,12.5234,974785526.36,N/A,1142867840,145925977,0,171088000,81.1694,3.4327,1.0347,-89.3045,
002015.SZ,霞客环保,2009-03-31,5.21,5.0696,5.1866,4.9526,5.0774,14471891,93879232.3,-0.1326,-2.5449,6.487,9.9173,949978110.27,N/A,1113782880,145925977,0,171088000,79.1037,3.3453,1.0083,-87.0318,
002015.SZ,霞客环保,2009-04-01,5.0774,5.0384,5.21,5.0384,5.093,12121486,79610728.2,0.0156,0.3072,6.5677,8.3066,952896629.81,N/A,1117204640,145925977,0,171088000,79.3468,3.3556,1.0114,-87.2991,
002015.SZ,霞客环保,2009-04-02,5.093,5.1086,5.1866,5.0462,5.0696,12017876,78936073.1,-0.0234,-0.4594,6.5682,8.2356,948518850.5,N/A,1112072000,145925977,0,171088000,78.9822,3.3402,1.0068,-86.8981,
002015.SZ,霞客环保,2009-04-03,5.0696,5.0696,5.132,4.8045,4.8825,11458723,72960363.9,-0.1872,-3.6923,6.3672,7.8524,913496616.02,N/A,1071010880,145925977,0,171088000,76.066,3.2169,0.9696,-83.6895,
002015.SZ,霞客环保,2009-04-07,4.8825,4.8747,5.1086,4.8747,5.0852,8045938,51835459.7,0.2028,4.1534,6.4424,5.5137,951437370.04,N/A,1115493760,145925977,0,171088000,79.2252,3.3505,1.0099,-87.1654,
002015.SZ,霞客环保,2009-04-08,5.0852,5.1008,5.2802,4.9526,5.1476,17266077,114218603.2,0.0624,1.227,6.6152,11.8321,963111448.2,N/A,1129180800,145925977,0,171088000,80.1973,3.3916,1.0223,-88.235,
002015.SZ,霞客环保,2009-04-09,5.1476,5.1242,5.4206,5.0618,5.3894,22293618,152181345.4,0.2418,4.697,6.8262,15.2773,1008348501.07,N/A,1182218080,145925977,0,171088000,83.9642,3.5509,1.0703,-92.3793,
002015.SZ,霞客环保,2009-04-10,5.3894,5.4986,5.8418,5.3816,5.6156,30017677,214349176.7,0.2262,4.1968,7.1408,20.5705,1050667034.4,N/A,1231833600,145925977,0,171088000,87.488,3.6999,1.1152,-96.2563,
002015.SZ,霞客环保,2009-04-13,5.6156,5.6156,5.6156,5.6156,5.6156,N/A,N/A,0,0,N/A,N/A,1050667034.4,N/A,1231833600,145925977,0,171088000,87.488,3.6999,1.1152,-96.2563,
002015.SZ,霞客环保,2009-04-14,5.6156,5.8028,6.1382,5.561,5.639,26428116,197092645.1,0.0234,0.4167,7.4577,18.1106,1055044813.71,N/A,1236966240,145925977,0,171088000,87.8525,3.7153,1.1199,-96.6574,
002015.SZ,霞客环保,2009-04-15,5.639,5.5766,5.8106,5.4674,5.7326,17605041,127904849.7,0.0936,1.6598,7.2652,12.0644,1072555930.95,N/A,1257496800,145925977,0,171088000,89.3107,3.777,1.1384,-98.2617,
002015.SZ,霞客环保,2009-04-16,5.7326,5.7404,5.9744,5.5766,5.8184,16851567,125332769,0.0858,1.4966,7.4375,11.548,1088607788.42,N/A,1276316480,145925977,0,171088000,90.6473,3.8335,1.1555,-99.7322,
002015.SZ,霞客环保,2009-04-17,5.8184,5.8106,6.302,5.7092,6.1148,21891958,169328908.9,0.2964,5.0938,7.7348,15.0021,1144059659.68,N/A,1341329920,145925977,0,171088000,95.2647,4.0288,1.2143,-104.8124,
002015.SZ,霞客环保,2009-04-20,6.1148,6.1226,6.6763,6.0758,6.5515,21184249,174559300.9,0.4368,7.1429,8.2401,14.5171,1225778206.8,N/A,1437139200,145925977,0,171088000,102.0693,4.3166,1.3011,-112.299,
002015.SZ,霞客环保,2009-04-21,6.5515,6.3955,6.6607,6.2396,6.4579,13019371,106975788,-0.0936,-1.4286,8.2167,8.9219,1208267089.56,N/A,1416608640,145925977,0,171088000,100.6112,4.2549,1.2825,-110.6948,
002015.SZ,霞客环保,2009-04-22,6.4579,6.4579,6.8869,6.2396,6.4735,20664962,174497007.3,0.0156,0.2415,8.4441,14.1613,1211185609.1,N/A,1420030400,145925977,0,171088000,100.8542,4.2652,1.2856,-110.9621,
002015.SZ,霞客环保,2009-04-23,6.4735,6.4579,6.8635,6.0446,6.7855,26631053,221802430.7,0.312,4.8193,8.3287,18.2497,1269555999.9,N/A,1488465600,145925977,0,171088000,105.7147,4.4707,1.3475,-116.3097,
002015.SZ,霞客环保,2009-04-24,6.7855,6.9415,7.0975,6.4579,6.4579,20460331,177466411.2,-0.3276,-4.8276,8.6737,14.021,1208267089.56,N/A,1416608640,145925977,0,171088000,100.6112,4.2549,1.2825,-110.6948,
002015.SZ,霞客环保,2009-04-27,6.4579,6.3176,6.4267,6.0056,6.2396,14768174,117752758.5,-0.2184,-3.3816,7.9734,10.1203,1167407816,N/A,1368704000,145925977,0,171088000,97.2089,4.111,1.2391,-106.9515,
002015.SZ,霞客环保,2009-04-28,6.2396,6.2318,6.3799,6.0992,6.2396,7736573,61983336.4,0,0,8.0117,5.3017,1167407816,N/A,1368704000,145925977,0,171088000,97.2089,4.111,1.2391,-106.9515,
002015.SZ,霞客环保,2009-04-29,6.2396,6.2006,6.8557,6.0836,6.7075,16491338,140044952.7,0.468,7.5,8.492,11.3012,1254963402.2,N/A,1471356800,145925977,0,171088000,104.4996,4.4193,1.3321,-114.9728,
002015.SZ,霞客环保,2009-04-30,6.7075,6.7699,7.0195,6.6295,6.9415,13542067,119283662.5,0.234,3.4884,8.8084,9.2801,1298741195.3,N/A,1522683200,145925977,0,171088000,108.1449,4.5735,1.3785,-118.9835,
002015.SZ,霞客环保,2009-05-04,6.9415,7.0117,7.2925,6.8713,7.1209,12679572,114869724.3,0.1794,2.5843,9.0594,8.689,1332304170.01,N/A,1562033440,145925977,0,171088000,110.9396,4.6917,1.4141,-122.0584,
002015.SZ,霞客环保,2009-05-05,7.1209,7.0819,7.4875,6.9649,7.1833,12949696,119769094.9,0.0624,0.8762,9.2488,8.8742,1343978248.17,N/A,1575720480,145925977,0,171088000,111.9117,4.7328,1.4265,-123.1279,
002015.SZ,霞客环保,2009-05-06,7.1833,7.1833,7.5811,7.1287,7.5187,17636069,165953342.5,0.3354,4.6688,9.4099,12.0856,1406726418.28,N/A,1649288320,145925977,0,171088000,117.1367,4.9538,1.4931,-128.8765,
002015.SZ,霞客环保,2009-05-07,7.5187,7.4563,7.6435,7.0039,7.2145,24921167,231240921.4,-0.3042,-4.0456,9.2789,17.078,1349815287.25,N/A,1582564000,145925977,0,171088000,112.3978,4.7533,1.4327,-123.6626,
002015.SZ,霞客环保,2009-05-08,7.2145,7.0195,7.1599,6.8479,7.0039,17214906,153536915.9,-0.2106,-2.9189,8.9188,11.797,1310415273.46,N/A,1536370240,145925977,0,171088000,109.117,4.6146,1.3909,-120.053,
002015.SZ,霞客环保,2009-05-11,7.0039,7.0117,7.0585,6.5203,6.5203,12554978,108283408,-0.4836,-6.9042,8.6247,8.6037,1219941167.72,N/A,1430295680,145925977,0,171088000,101.5833,4.296,1.2949,-111.7643,
002015.SZ,霞客环保,2009-05-12,6.5203,6.5905,6.9259,6.5515,6.8791,9405863,81915648.5,0.3588,5.5024,8.709,6.4456,1287067117.14,N/A,1508996160,145925977,0,171088000,107.1728,4.5324,1.3661,-117.914,
002015.SZ,霞客环保,2009-05-13,6.8791,6.8322,6.9339,6.7069,6.8869,7757098,67752063.1,0.0078,0.1138,8.7342,5.3158,1284148597.6,N/A,1505574400,145925977,0,171088000,106.9298,4.5221,1.363,-117.6466,
002015.SZ,霞客环保,2009-05-14,6.8869,6.8869,7.1061,6.8243,7.1061,7951446,71272213.5,0.2191,3.1818,8.9634,5.449,1325007871.16,N/A,1553479040,145925977,0,171088000,110.3321,4.666,1.4064,-121.3899,
002015.SZ,霞客环保,2009-05-15,7.1061,7.1609,7.1922,6.9104,7.0356,6019627,53838691,-0.0704,-0.9912,8.9439,4.1251,1311874533.23,N/A,1538081120,145925977,0,171088000,109.2385,4.6197,1.3925,-120.1867,
002015.SZ,霞客环保,2009-05-18,7.0356,6.9574,7.02,6.6522,6.8948,6698847,58181336.7,-0.1409,-2.0022,8.6853,4.5906,1285607857.37,N/A,1507285280,145925977,0,171088000,107.0513,4.5272,1.3646,-117.7803,
002015.SZ,霞客环保,2009-05-19,6.8948,6.9652,6.9652,6.7304,6.8791,8383715,73060167.6,-0.0157,-0.227,8.7145,5.7452,1282689337.83,N/A,1503863520,145925977,0,171088000,106.8083,4.517,1.3615,-117.5129,
002015.SZ,霞客环保,2009-05-20,6.8791,6.8556,6.9417,6.7461,6.7617,6961875,60733405.1,-0.1174,-1.7065,8.7237,4.7708,1260800441.28,N/A,1478200320,145925977,0,171088000,104.9856,4.4399,1.3382,-115.5076,
002015.SZ,霞客环保,2009-05-21,6.7617,6.7304,6.9026,6.4878,6.8713,11873483,101074251.1,0.1096,1.6204,8.5126,8.1366,1281230078.06,N/A,1502152640,145925977,0,171088000,106.6868,4.5118,1.3599,-117.3792,
002015.SZ,霞客环保,2009-05-22,6.8713,6.7382,6.9261,6.7148,6.7382,5848472,51001852.1,-0.133,-1.9362,8.7205,4.0078,1256422661.97,N/A,1473067680,145925977,0,171088000,104.6211,4.4245,1.3336,-115.1065,
002015.SZ,霞客环保,2009-05-25,6.7382,6.6522,6.6522,6.3235,6.5269,7021545,58122102.9,-0.2113,-3.1359,8.2777,4.8117,1217022648.18,N/A,1426873920,145925977,0,171088000,101.3403,4.2857,1.2918,-111.4969,
002015.SZ,霞客环保,2009-05-26,6.5269,6.5269,6.9261,6.4956,6.6365,6739794,57574059.7,0.1096,1.6787,8.5424,4.6186,1237452284.96,N/A,1450826240,145925977,0,171088000,103.0414,4.3577,1.3135,-113.3685,
002015.SZ,霞客环保,2009-05-27,6.6365,6.6835,6.793,6.5426,6.613,5129881,43682373.8,-0.0235,-0.3538,8.5153,3.5154,1233074505.65,N/A,1445693600,145925977,0,171088000,102.6769,4.3422,1.3088,-112.9675,
002015.SZ,霞客环保,2009-06-01,6.613,6.613,6.7539,6.5582,6.7461,6307104,53828116.6,0.133,2.0118,8.5345,4.3221,1257881921.74,N/A,1474778560,145925977,0,171088000,104.7426,4.4296,1.3351,-115.2402,
002015.SZ,霞客环保,2009-06-02,6.7461,6.7774,6.9261,6.6756,6.8165,8683938,75578254.4,0.0704,1.0441,8.7032,5.9509,1271015259.67,N/A,1490176480,145925977,0,171088000,105.8362,4.4759,1.3491,-116.4434,
002015.SZ,霞客环保,2009-06-03,6.8165,7.02,7.0435,6.7148,6.8009,8223172,71703699,-0.0157,-0.2296,8.7197,5.6352,1268096740.13,N/A,1486754720,145925977,0,171088000,105.5932,4.4656,1.346,-116.176,
002015.SZ,霞客环保,2009-06-04,6.8009,6.7461,6.8087,6.5582,6.613,7324924,62174651.6,-0.1878,-2.7618,8.4881,5.0196,1233074505.65,N/A,1445693600,145925977,0,171088000,102.6769,4.3422,1.3088,-112.9675,
002015.SZ,霞客环保,2009-06-05,6.613,6.5739,6.7382,6.5582,6.6052,6019104,50939521,-0.0078,-0.1183,8.463,4.1248,1231615245.88,N/A,1443982720,145925977,0,171088000,102.5554,4.3371,1.3073,-112.8338,
002015.SZ,霞客环保,2009-06-08,6.6052,6.6443,6.6522,6.4487,6.4722,4829700,40245699.4,-0.133,-2.0142,8.333,3.3097,1206807829.79,N/A,1414897760,145925977,0,171088000,100.4897,4.2498,1.2809,-110.5611,
002015.SZ,霞客环保,2009-06-09,6.4722,6.4722,6.4956,6.2217,6.3704,5905948,47868769.8,-0.1017,-1.5719,8.1052,4.0472,1187837452.78,N/A,1392656320,145925977,0,171088000,98.91,4.1829,1.2608,-108.8231,
002015.SZ,霞客环保,2009-06-10,6.3704,6.3704,6.4565,6.3156,6.4487,4150587,33887845.5,0.0783,1.2285,8.1646,2.8443,1202430050.48,N/A,1409765120,145925977,0,171088000,100.1252,4.2343,1.2763,-110.16,
002015.SZ,霞客环保,2009-06-11,6.4487,6.4956,6.5974,6.4409,6.4956,4372900,36322765.4,0.047,0.7282,8.3063,2.9967,1211185609.1,N/A,1420030400,145925977,0,171088000,100.8542,4.2652,1.2856,-110.9621,
002015.SZ,霞客环保,2009-06-12,6.4956,6.4956,6.4956,6.4956,6.4956,N/A,N/A,0,0,N/A,N/A,1211185609.1,N/A,1420030400,145925977,0,171088000,100.8542,4.2652,1.2856,-110.9621,
002015.SZ,霞客环保,2009-06-15,6.4956,6.5348,6.5348,6.2217,6.3626,4822343,38921086.9,-0.133,-2.0482,8.071,3.3047,1186378193.01,N/A,1390945440,145925977,0,171088000,98.7885,4.1778,1.2593,-108.6894,
002015.SZ,霞客环保,2009-06-16,6.3626,6.2843,6.3626,6.1904,6.2061,4577828,36550139.8,-0.1565,-2.46,7.9842,3.1371,1157192997.61,N/A,1356727840,145925977,0,171088000,96.3583,4.075,1.2283,-106.0156,
002015.SZ,霞客环保,2009-06-17,6.2061,6.1904,6.4017,6.1904,6.3782,4088415,33131270.6,0.1722,2.7743,8.1037,2.8017,1189296712.55,N/A,1394367200,145925977,0,171088000,99.0316,4.1881,1.2624,-108.9568,
002015.SZ,霞客环保,2009-06-18,6.3782,6.3861,6.4017,6.2687,6.3156,4832580,38963809.6,-0.0626,-0.9816,8.0627,3.3117,1177622634.39,N/A,1380680160,145925977,0,171088000,98.0595,4.147,1.25,-107.8873,
002015.SZ,霞客环保,2009-06-19,6.3156,6.3469,6.4174,6.3156,6.3782,5518578,44919226.2,0.0626,0.9913,8.1396,3.7818,1189296712.55,N/A,1394367200,145925977,0,171088000,99.0316,4.1881,1.2624,-108.9568,
002015.SZ,霞客环保,2009-06-22,6.3782,6.3939,6.5191,6.3156,6.4017,5379437,43945427,0.0235,0.3681,8.1691,3.6864,1193674491.86,N/A,1399499840,145925977,0,171088000,99.3961,4.2035,1.267,-109.3579,
002015.SZ,霞客环保,2009-06-23,6.4017,6.3313,6.4174,6.2687,6.3391,5340490,43169884.6,-0.0626,-0.978,8.0835,3.6597,1182000413.7,N/A,1385812800,145925977,0,171088000,98.424,4.1624,1.2546,-108.2884,
002015.SZ,霞客环保,2009-06-24,6.3391,6.3,6.3782,6.2609,6.3391,5216635,42149720.3,0,0,8.0799,3.5749,1182000413.7,N/A,1385812800,145925977,0,171088000,98.424,4.1624,1.2546,-108.2884,
002015.SZ,霞客环保,2009-06-25,6.3391,6.3391,6.3391,6.3391,6.3391,N/A,N/A,0,0,N/A,N/A,1182000413.7,N/A,1385812800,145925977,0,171088000,98.424,4.1624,1.2546,-108.2884,
002015.SZ,霞客环保,2009-06-26,6.3391,6.3861,6.7226,6.2609,6.6913,11932773,98231107.2,0.3522,5.5556,8.232,8.1773,1247667103.35,N/A,1462802400,145925977,0,171088000,103.892,4.3936,1.3243,-114.3044,
002015.SZ,霞客环保,2009-06-29,6.6913,6.6209,6.8009,6.5191,6.6913,13829082,118340777.5,0,0,8.5574,9.4768,1247667103.35,N/A,1462802400,145925977,0,171088000,103.892,4.3936,1.3243,-114.3044,
002015.SZ,霞客环保,2009-06-30,6.6913,6.7148,6.7695,6.3939,6.433,6378280,53252412,-0.2583,-3.8596,8.349,4.3709,1199511530.94,N/A,1406343360,145925977,0,171088000,99.8821,4.2241,1.2732,-109.8926,
002015.SZ,霞客环保,2009-07-01,6.433,6.4095,6.5504,6.3,6.4095,5050826,41549146.1,-0.0235,-0.365,8.2262,3.4612,1195133751.63,N/A,1401210720,145925977,0,171088000,99.5176,4.2086,1.2685,-109.4916,
002015.SZ,霞客环保,2009-07-02,6.4095,6.3939,6.6287,6.3313,6.4878,7393036,61068578.6,0.0783,1.221,8.2603,5.0663,1209726349.33,N/A,1418319520,145925977,0,171088000,100.7327,4.26,1.284,-110.8285,
002015.SZ,霞客环保,2009-07-03,6.4878,6.4174,6.4409,6.3391,6.3469,6662507,54254496,-0.1409,-2.1713,8.1433,4.5657,1183459673.47,N/A,1387523680,145925977,0,171088000,98.5455,4.1675,1.2562,-108.422,
002015.SZ,霞客环保,2009-07-06,6.3469,6.3235,6.3548,6.2217,6.2843,8186668,65650164.1,-0.0626,-0.9864,8.0192,5.6102,1171785595.31,N/A,1373836640,145925977,0,171088000,97.5734,4.1264,1.2438,-107.3525,
002015.SZ,霞客环保,2009-07-07,6.2843,6.3235,6.3626,6.2217,6.3078,4506062,36270127.7,0.0235,0.3736,8.0492,3.0879,1176163374.62,N/A,1378969280,145925977,0,171088000,97.938,4.1418,1.2484,-107.7536,
002015.SZ,霞客环保,2009-07-08,6.3078,6.2922,6.3548,6.2452,6.3313,4335791,34941890.5,0.0235,0.3722,8.0589,2.9712,1180541153.93,N/A,1384101920,145925977,0,171088000,98.3025,4.1573,1.2531,-108.1547,
002015.SZ,霞客环保,2009-07-09,6.3313,6.3391,6.5739,6.3391,6.5504,9735827,80547746.1,0.2191,3.4611,8.2733,6.6718,1221400427.49,N/A,1432006560,145925977,0,171088000,101.7048,4.3011,1.2964,-111.898,
002015.SZ,霞客环保,2009-07-10,6.5504,6.5348,6.6835,6.4878,6.5504,9877910,82977113.3,0,0,8.4003,6.7691,1221400427.49,N/A,1432006560,145925977,0,171088000,101.7048,4.3011,1.2964,-111.898,
002015.SZ,霞客环保,2009-07-13,6.5504,6.5661,6.793,6.5348,6.7226,14744837,126196634.3,0.1722,2.6284,8.5587,10.1043,1253504142.43,N/A,1469645920,145925977,0,171088000,104.378,4.4142,1.3305,-114.8391,
002015.SZ,霞客环保,2009-07-14,6.7226,6.7539,6.7695,6.6522,6.7304,8379559,71850900.3,0.0078,0.1164,8.5745,5.7423,1254963402.2,N/A,1471356800,145925977,0,171088000,104.4996,4.4193,1.3321,-114.9728,
002015.SZ,霞客环保,2009-07-15,6.7304,6.7539,7.1843,6.6678,7.0904,19967505,177380655,0.36,5.3488,8.8835,13.6833,1322089351.62,N/A,1550057280,145925977,0,171088000,110.0891,4.6557,1.4033,-121.1225,
002015.SZ,霞客环保,2009-07-16,7.0904,7.1061,7.5678,7.1061,7.3174,24823175,234542900.3,0.227,3.2009,9.4485,17.0108,1364407884.95,N/A,1599672800,145925977,0,171088000,113.6129,4.8047,1.4482,-124.9995,
002015.SZ,霞客环保,2009-07-17,7.3174,7.3174,7.3174,7.3174,7.3174,N/A,N/A,0,0,N/A,N/A,1364407884.95,N/A,1599672800,145925977,0,171088000,113.6129,4.8047,1.4482,-124.9995,
002015.SZ,霞客环保,2009-07-20,7.3174,7.4269,7.6382,7.0669,7.513,15418255,145877778.8,0.1957,2.6738,9.4614,10.5658,1400889379.2,N/A,1642444800,145925977,0,171088000,116.6507,4.9332,1.4869,-128.3418,
002015.SZ,霞客环保,2009-07-21,7.513,7.5835,7.5835,7.0435,7.0669,11855270,110020648,-0.4461,-5.9375,9.2803,8.1242,1317711572.31,N/A,1544924640,145925977,0,171088000,109.7245,4.6403,1.3987,-120.7215,
002015.SZ,霞客环保,2009-07-22,7.0669,7.0435,7.2469,6.973,7.0904,7757691,70664400,0.0235,0.3322,9.1089,5.3162,1322089351.62,N/A,1550057280,145925977,0,171088000,110.0891,4.6557,1.4033,-121.1225,
002015.SZ,霞客环保,2009-07-23,7.0904,7.1765,7.6304,7.0278,7.5522,18629849,175883197.4,0.4617,6.5121,9.4409,12.7666,1408185678.05,N/A,1650999200,145925977,0,171088000,117.2582,4.9589,1.4947,-129.0102,
002015.SZ,霞客环保,2009-07-24,7.5522,7.4504,7.693,6.9652,7.3095,11254399,107076663,-0.2426,-3.2124,9.5142,7.7124,1362948625.18,N/A,1597961920,145925977,0,171088000,113.4914,4.7996,1.4467,-124.8658,
002015.SZ,霞客环保,2009-07-27,7.3095,7.3252,7.4348,7.1609,7.3565,7054343,66068941.4,0.047,0.6424,9.3657,4.8342,1371704183.8,N/A,1608227200,145925977,0,171088000,114.2204,4.8304,1.456,-125.668,
002015.SZ,霞客环保,2009-07-28,7.3565,7.3408,8.0374,7.3252,7.873,15028841,146936719.6,0.5165,7.0213,9.777,10.2989,1468015328.62,N/A,1721145280,145925977,0,171088000,122.2402,5.1696,1.5582,-134.4915,
002015.SZ,霞客环保,2009-07-29,7.873,7.9826,8.1391,7.2,7.4269,15080805,148466597.5,-0.4461,-5.666,9.8447,10.3346,1384837521.73,N/A,1623625120,145925977,0,171088000,115.314,4.8767,1.4699,-126.8712,
002015.SZ,霞客环保,2009-07-30,7.4269,7.4582,7.6226,7.0591,7.38,6726321,63332467.7,-0.047,-0.6322,9.4156,4.6094,1376081963.11,N/A,1613359840,145925977,0,171088000,114.585,4.8458,1.4606,-126.069,
002015.SZ,霞客环保,2009-07-31,7.38,7.4661,7.7087,7.2469,7.6617,7265063,70203825.7,0.2817,3.8176,9.6632,4.9786,1428615314.83,N/A,1674951520,145925977,0,171088000,118.9594,5.0308,1.5164,-130.8819,
002015.SZ,霞客环保,2009-08-03,7.6617,7.6774,8.0217,7.4504,7.9435,11473008,113583189.1,0.2817,3.6772,9.9,7.8622,1481148666.55,N/A,1736543200,145925977,0,171088000,123.3338,5.2158,1.5721,-135.6947,
002015.SZ,霞客环保,2009-08-04,7.9435,7.8261,8.5148,7.7478,8.3739,15061913,158533317.3,0.4304,5.4187,10.5254,10.3216,1561407953.9,N/A,1830641600,145925977,0,171088000,130.0169,5.4985,1.6573,-143.0476,
002015.SZ,霞客环保,2009-08-05,8.3739,8.2956,8.5148,8.0061,8.2252,9446620,99615773.6,-0.1487,-1.7757,10.5451,6.4736,1533682018.27,N/A,1798134880,145925977,0,171088000,127.7082,5.4008,1.6279,-140.5075,
002015.SZ,霞客环保,2009-08-06,8.2252,8.2095,8.5148,7.9435,8.0452,9174731,95702783.7,-0.18,-2.1884,10.4311,6.2873,1500119043.56,N/A,1758784640,145925977,0,171088000,124.9134,5.2826,1.5923,-137.4326,
002015.SZ,霞客环保,2009-08-07,8.0452,8.0608,8.1391,7.4504,7.5522,11622781,115437808.8,-0.493,-6.1284,9.932,7.9648,1408185678.05,N/A,1650999200,145925977,0,171088000,117.2582,4.9589,1.4947,-129.0102,
002015.SZ,霞客环保,2009-08-10,7.5522,7.6304,7.7087,7.2782,7.5678,8956154,86114121.5,0.0157,0.2073,9.6151,6.1375,1411104197.59,N/A,1654420960,145925977,0,171088000,117.5012,4.9692,1.4978,-129.2776,
002015.SZ,霞客环保,2009-08-11,7.5678,7.5913,7.7008,7.4269,7.4504,4609867,44323041.7,-0.1174,-1.5512,9.6148,3.159,1389215301.04,N/A,1628757760,145925977,0,171088000,115.6786,4.8921,1.4746,-127.2722,
002015.SZ,霞客环保,2009-08-12,7.4504,7.4348,7.4582,6.9574,6.9809,6989416,64034065.4,-0.4696,-6.3025,9.1616,4.7897,1301659714.84,N/A,1526104960,145925977,0,171088000,108.3879,4.5838,1.3816,-119.2509,
002015.SZ,霞客环保,2009-08-13,6.9809,7.0435,7.1217,6.8087,7.0748,4174874,37322589.2,0.0939,1.3453,8.9398,2.861,1319170832.08,N/A,1546635520,145925977,0,171088000,109.846,4.6454,1.4002,-120.8551,
002015.SZ,霞客环保,2009-08-14,7.0748,7.1061,7.1452,6.5817,6.613,4673379,40975197.1,-0.4617,-6.5265,8.7678,3.2026,1233074505.65,N/A,1445693600,145925977,0,171088000,102.6769,4.3422,1.3088,-112.9675,
002015.SZ,霞客环保,2009-08-17,6.613,6.613,6.7695,6.0104,6.0339,8425376,68470892.7,-0.5791,-8.7574,8.1267,5.7737,1125089282.67,N/A,1319088480,145925977,0,171088000,93.6851,3.962,1.1942,-103.0745,
002015.SZ,霞客环保,2009-08-18,6.0339,5.9478,6.2295,5.94,6.1826,3508544,27382930.6,0.1487,2.4643,7.8046,2.4043,1152815218.3,N/A,1351595200,145925977,0,171088000,95.9938,4.0596,1.2236,-105.6146,
002015.SZ,霞客环保,2009-08-19,6.1826,6.1669,6.3235,5.7209,5.893,5858051,45523226.1,-0.2896,-4.6835,7.7711,4.0144,1098822606.81,N/A,1288292640,145925977,0,171088000,91.4979,3.8695,1.1663,-100.6681,
002015.SZ,霞客环保,2009-08-20,5.893,5.9243,6.2295,5.8539,6.2295,6030687,46628467.9,0.3365,5.7105,7.7319,4.1327,1161570776.92,N/A,1361860480,145925977,0,171088000,96.7228,4.0905,1.2329,-106.4167,
002015.SZ,霞客环保,2009-08-21,6.2295,6.2295,6.4174,6.1043,6.3704,5765911,46261117.8,0.1409,2.2613,8.0232,3.9513,1187837452.78,N/A,1392656320,145925977,0,171088000,98.91,4.1829,1.2608,-108.8231,
002015.SZ,霞客环保,2009-08-24,6.3704,6.4095,6.4878,6.2687,6.4174,3661942,29827480.1,0.047,0.7371,8.1453,2.5095,1196593011.4,N/A,1402921600,145925977,0,171088000,99.6391,4.2138,1.2701,-109.6252,
002015.SZ,霞客环保,2009-08-25,6.4174,6.4095,6.7695,6.2922,6.6522,7609640,63174269.7,0.2348,3.6585,8.3019,5.2147,1240370804.5,N/A,1454248000,145925977,0,171088000,103.2844,4.3679,1.3166,-113.6359,
002015.SZ,霞客环保,2009-08-26,6.6522,6.613,7.3174,6.5739,7.3174,13292353,121218332.9,0.6652,10,9.1194,9.109,1364407884.95,N/A,1599672800,145925977,0,171088000,113.6129,4.8047,1.4482,-124.9995,
002015.SZ,霞客环保,2009-08-27,7.3174,7.4269,7.4269,6.8948,7.1922,14247678,130373005.1,-0.1252,-1.7112,9.1505,9.7636,1341059728.63,N/A,1572298720,145925977,0,171088000,111.6687,4.7225,1.4234,-122.8605,
002015.SZ,霞客环保,2009-08-28,7.1922,7.2782,7.2782,6.9652,7.1295,6629944,60124495,-0.0626,-0.8705,9.0686,4.5434,1329385650.47,N/A,1558611680,145925977,0,171088000,110.6966,4.6814,1.411,-121.791,
002015.SZ,霞客环保,2009-08-31,7.1295,6.9652,7.0435,6.3,6.4174,8056917,68713465,-0.7122,-9.989,8.5285,5.5212,1196593011.4,N/A,1648921600,145925977,0,201088000,117.1107,4.9527,1.4928,-128.8479,
002015.SZ,霞客环保,2009-09-01,6.4174,6.3,6.6052,6.3,6.4174,3630786,29958864,0,0,8.2513,2.4881,1196593011.4,N/A,1648921600,145925977,0,201088000,117.1107,4.9527,1.4928,-128.8479,
002015.SZ,霞客环保,2009-09-02,6.4174,6.3469,6.5895,6.3469,6.5582,3421264,28440723.4,0.1409,2.1951,8.3129,2.3445,1222859687.26,N/A,1685117440,145925977,0,201088000,119.6814,5.0614,1.5256,-131.6762,
002015.SZ,霞客环保,2009-09-03,6.5582,6.5817,6.8791,6.5348,6.8243,3429922,29470024.2,0.2661,4.0573,8.592,2.3505,1272474519.44,N/A,1753487360,145925977,0,201088000,124.5372,5.2667,1.5875,-137.0187,
002015.SZ,霞客环保,2009-09-04,6.8243,6.8478,7.0356,6.7695,6.9026,3996982,35285614.2,0.0783,1.1468,8.8281,2.739,1287067117.14,N/A,1773596160,145925977,0,201088000,125.9654,5.3271,1.6057,-138.59,
002015.SZ,霞客环保,2009-09-07,6.9026,6.9261,7.3878,6.9026,7.2782,8335830,76375005.9,0.3757,5.4422,9.1623,5.7124,1357111586.1,N/A,1870118400,145925977,0,201088000,132.8206,5.617,1.6931,-146.1323,
002015.SZ,霞客环保,2009-09-08,7.2782,7.1765,7.2782,7.0748,7.2078,5214847,47814078.5,-0.0704,-0.9677,9.1688,3.5736,1343978248.17,N/A,1852020480,145925977,0,201088000,131.5353,5.5627,1.6767,-144.7181,
002015.SZ,霞客环保,2009-09-09,7.2078,7.1609,7.4269,7.1217,7.2,5247070,48702075.6,-0.0078,-0.1086,9.2818,3.5957,1342518988.4,N/A,1850009600,145925977,0,201088000,131.3925,5.5566,1.6749,-144.561,
002015.SZ,霞客环保,2009-09-10,7.2,7.1765,7.2939,7.0435,7.0513,3578676,32605292.5,-0.1487,-2.0652,9.111,2.4524,1314793052.77,N/A,1811802880,145925977,0,201088000,128.6789,5.4419,1.6403,-141.5755,
002015.SZ,霞客环保,2009-09-11,7.0513,7.0513,7.4739,6.9887,7.3174,7405490,68711782.2,0.2661,3.7736,9.2785,5.0748,1364407884.95,N/A,1880172800,145925977,0,201088000,133.5347,5.6472,1.7022,-146.918,
002015.SZ,霞客环保,2009-09-14,7.3174,7.38,8.053,7.2939,7.7322,18044610,180413794.8,0.4148,5.6684,9.9982,12.3656,1441748652.76,N/A,1986749440,145925977,0,201088000,141.1041,5.9674,1.7986,-155.246,
002015.SZ,霞客环保,2009-09-15,7.7322,7.7713,8.0843,7.6695,7.7791,8104361,81713772.2,0.047,0.6073,10.0827,5.5537,1450504211.38,N/A,1998814720,145925977,0,201088000,141.961,6.0036,1.8096,-156.1887,
002015.SZ,霞客环保,2009-09-16,7.7791,7.7243,7.9982,7.693,7.9513,5986880,60399229.2,0.1722,2.2133,10.0886,4.1027,1482607926.32,N/A,2043054080,145925977,0,201088000,145.103,6.1365,1.8496,-159.6456,
002015.SZ,霞客环保,2009-09-17,7.9513,7.9591,8.3504,7.8808,8.1078,10150190,106477217.1,0.1565,1.9685,10.4902,6.9557,1511793121.72,N/A,2083271680,145925977,0,201088000,147.9593,6.2573,1.886,-162.7883,
002015.SZ,霞客环保,2009-09-18,8.1078,8.2174,8.2252,7.7087,7.7478,8774141,88805480.9,-0.36,-4.4402,10.1213,6.0127,1444667172.3,N/A,1990771200,145925977,0,201088000,141.3897,5.9794,1.8023,-155.5602,
002015.SZ,霞客环保,2009-09-21,7.7478,7.6774,8.2017,7.6148,8.1704,6404275,64460164.7,0.4226,5.4545,10.0652,4.3887,1523467199.88,N/A,2099358720,145925977,0,201088000,149.1019,6.3056,1.9006,-164.0453,
002015.SZ,霞客环保,2009-09-22,8.1704,8.2252,8.4522,7.9513,8.0687,6848283,71972055.8,-0.1017,-1.2452,10.5095,4.693,1504496822.87,N/A,2073217280,145925977,0,201088000,147.2452,6.2271,1.8769,-162.0026,
002015.SZ,霞客环保,2009-09-23,8.0687,7.9669,8.1782,7.8026,7.8574,4214100,42675757.9,-0.2113,-2.6188,10.1269,2.8878,1465096809.08,N/A,2018923520,145925977,0,201088000,143.3892,6.064,1.8278,-157.7601,
002015.SZ,霞客环保,2009-09-24,7.8574,7.9043,8.2956,7.7478,8.0452,6502727,66282248.9,0.1878,2.3904,10.193,4.4562,1500119043.56,N/A,2067184640,145925977,0,201088000,146.8168,6.2089,1.8715,-161.5312,
002015.SZ,霞客环保,2009-09-25,8.0452,7.8574,8.0608,7.7635,7.7948,3672867,37056581.5,-0.2504,-3.1128,10.0893,2.5169,1453422730.92,N/A,2002836480,145925977,0,201088000,142.2466,6.0157,1.8132,-156.503,
002015.SZ,霞客环保,2009-09-28,7.7948,7.8261,7.9356,7.4348,7.5678,4393352,43438321.2,-0.227,-2.9116,9.8873,3.0107,1411104197.59,N/A,1944520960,145925977,0,201088000,138.1049,5.8405,1.7604,-151.9462,
002015.SZ,霞客环保,2009-09-29,7.5678,7.5913,7.6617,7.2235,7.3408,3378176,32030036.3,-0.227,-2.999,9.4815,2.315,1368785664.26,N/A,1886205440,145925977,0,201088000,133.9632,5.6654,1.7076,-147.3894,
002015.SZ,霞客环保,2009-09-30,7.3408,7.4817,7.56,7.3722,7.3722,1907108,18191778.7,0.0313,0.4264,9.5389,1.3069,1374622703.34,N/A,1894248960,145925977,0,201088000,134.5345,5.6895,1.7149,-148.0179,
002015.SZ,霞客环保,2009-10-09,7.3722,7.56,7.8574,7.4974,7.7478,2760700,27271228.6,0.3757,5.0955,9.8784,1.8918,1444667172.3,N/A,1990771200,145925977,0,201088000,141.3897,5.9794,1.8023,-155.5602,
002015.SZ,霞客环保,2009-10-12,7.7478,7.7478,8.3739,7.6774,8.2017,7478941,77782088.4,0.4539,5.8586,10.4001,5.1252,1529304238.96,N/A,2107402240,145925977,0,201088000,149.6731,6.3297,1.9079,-164.6738,
002015.SZ,霞客环保,2009-10-13,8.2017,8.2017,8.4287,8.0843,8.3269,4748471,50312856.8,0.1252,1.5267,10.5956,3.254,1552652395.28,N/A,2139576320,145925977,0,201088000,151.9582,6.4264,1.937,-167.1879,
002015.SZ,霞客环保,2009-10-14,8.3269,8.3582,8.46,8.1626,8.1939,4103310,43528373.4,-0.133,-1.5977,10.6081,2.8119,1527844979.19,N/A,2105391360,145925977,0,201088000,149.5303,6.3237,1.9061,-164.5167,
002015.SZ,霞客环保,2009-10-15,8.1939,8.2174,8.4052,8.1391,8.1861,2682881,28254137.2,-0.0078,-0.0955,10.5313,1.8385,1526385719.42,N/A,2103380480,145925977,0,201088000,149.3875,6.3177,1.9042,-164.3596,
002015.SZ,霞客环保,2009-10-16,8.1861,8.2565,8.6087,8.1548,8.6087,7101071,76849207.1,0.4226,5.1625,10.8222,4.8662,1605185747,N/A,2211968000,145925977,0,201088000,157.0997,6.6438,2.0025,-172.8447,
002015.SZ,霞客环保,2009-10-19,8.6087,8.7652,8.9295,8.5539,8.6087,8473582,94303763.4,0,0,11.1291,5.8068,1605185747,N/A,2211968000,145925977,0,201088000,157.0997,6.6438,2.0025,-172.8447,
002015.SZ,霞客环保,2009-10-20,8.6087,8.6478,9.3287,8.6087,9.1408,11867005,135903497.8,0.5322,6.1818,11.4522,8.1322,1704415411.36,N/A,2348707840,145925977,0,201088000,166.8113,7.0545,2.1263,-183.5296,
002015.SZ,霞客环保,2009-10-21,9.1408,9.1487,9.3835,8.9374,9.2661,8203439,96533739.8,0.1252,1.3699,11.7675,5.6216,1727763567.68,N/A,2380881920,145925977,0,201088000,169.0964,7.1512,2.1555,-186.0437,
002015.SZ,霞客环保,2009-10-22,9.2661,9.1565,9.6182,9.1487,9.2661,9180221,110234612.1,0,0,12.0078,6.291,1727763567.68,N/A,2380881920,145925977,0,201088000,169.0964,7.1512,2.1555,-186.0437,
002015.SZ,霞客环保,2009-10-23,9.2661,9.2582,9.4539,8.8435,8.8904,10668598,123382701.5,-0.3757,-4.0541,11.565,7.311,1657719098.72,N/A,2284359680,145925977,0,201088000,162.2411,6.8612,2.0681,-178.5014,
002015.SZ,霞客环保,2009-10-26,8.8904,9,9.1017,8.8278,8.9139,4612049,52609741.9,0.0235,0.2641,11.407,3.1605,1662096878.03,N/A,2290392320,145925977,0,201088000,162.6696,6.8794,2.0735,-178.9728,
002015.SZ,霞客环保,2009-10-27,8.9139,8.8982,9.1252,8.7808,8.9452,5795163,66534798.3,0.0313,0.3512,11.4811,3.9713,1667933917.11,N/A,2298435840,145925977,0,201088000,163.2408,6.9035,2.0808,-179.6013,
002015.SZ,霞客环保,2009-10-28,8.9452,8.8826,9.3756,8.7574,8.8435,9606549,110165632.5,-0.1017,-1.1374,11.4678,6.5832,1648963540.1,N/A,2272294400,145925977,0,201088000,161.3842,6.825,2.0572,-177.5586,
002015.SZ,霞客环保,2009-10-29,8.8435,8.7652,8.7652,8.5852,8.6243,5345449,59165104.5,-0.2191,-2.4779,11.0683,3.6631,1608104266.54,N/A,2215989760,145925977,0,201088000,157.3853,6.6559,2.0062,-173.159,
002015.SZ,霞客环保,2009-10-30,8.6243,8.7652,9.0391,8.7261,8.7417,6113135,69171506.8,0.1174,1.3612,11.3152,4.1892,1629993163.09,N/A,2246152960,145925977,0,201088000,159.5276,6.7465,2.0335,-175.5159,
002015.SZ,霞客环保,2009-11-02,8.7417,8.6087,8.9608,8.3817,8.9139,7378539,82067962.9,0.1722,1.9696,11.1225,5.0564,1662096878.03,N/A,2290392320,145925977,0,201088000,162.6696,6.8794,2.0735,-178.9728,
002015.SZ,霞客环保,2009-11-03,8.9139,8.9295,9.2269,8.8904,9.1721,7052634,81689206,0.2583,2.8973,11.5828,4.833,1710252450.44,N/A,2356751360,145925977,0,201088000,167.3826,7.0787,2.1336,-184.1582,
002015.SZ,霞客环保,2009-11-04,9.1721,9.2035,9.3443,9.0235,9.0704,4830409,56703468.7,-0.1017,-1.1092,11.7389,3.3102,1691282073.43,N/A,2330609920,145925977,0,201088000,165.5259,7.0002,2.11,-182.1154,
002015.SZ,霞客环保,2009-11-05,9.0704,9.0939,9.2739,8.9217,9.1878,5289773,61541227,0.1174,1.2942,11.634,3.625,1713170969.98,N/A,2360773120,145925977,0,201088000,167.6682,7.0908,2.1373,-184.4724,
002015.SZ,霞客环保,2009-11-06,9.1878,9.2895,9.3287,9.0626,9.0861,4489053,52795746.2,-0.1017,-1.1073,11.761,3.0763,1694200592.97,N/A,2334631680,145925977,0,201088000,165.8116,7.0122,2.1136,-182.4297,
002015.SZ,霞客环保,2009-11-09,9.0861,9.0626,9.2191,8.9608,9.1643,4797318,55530075.5,0.0783,0.8613,11.5752,3.2875,1708793190.67,N/A,2354740480,145925977,0,201088000,167.2397,7.0726,2.1318,-184.001,
002015.SZ,霞客环保,2009-11-10,9.1643,9.18,9.4539,9.0782,9.3521,7135999,84830953,0.1878,2.0495,11.8877,4.8901,1743815425.15,N/A,2403001600,145925977,0,201088000,170.6674,7.2176,2.1755,-187.7722,
002015.SZ,霞客环保,2009-11-11,9.3521,9.3521,9.3521,9.3521,9.3521,N/A,N/A,0,0,N/A,N/A,1743815425.15,N/A,2403001600,145925977,0,201088000,170.6674,7.2176,2.1755,-187.7722,
002015.SZ,霞客环保,2009-11-12,9.3521,9.3913,9.4617,8.9687,9.0078,11777950,137646566,-0.3443,-3.682,11.6868,8.0712,1679607995.27,N/A,2314522880,145925977,0,201088000,164.3834,6.9518,2.0954,-180.8584,
002015.SZ,霞客环保,2009-11-13,9.0078,9.0078,9.4695,8.7574,9.4461,14267627,166259914.8,0.4383,4.8653,11.6529,9.7773,1761326542.39,N/A,2427132160,145925977,0,201088000,172.3812,7.2901,2.1973,-189.6578,
002015.SZ,霞客环保,2009-11-16,9.4461,9.3756,9.7669,9.313,9.4148,17533943,212986269,-0.0313,-0.3314,12.1471,12.0156,1755489503.31,N/A,2419088640,145925977,0,201088000,171.8099,7.2659,2.1901,-189.0292,
002015.SZ,霞客环保,2009-11-17,9.4148,9.4148,9.4617,9.2191,9.3835,7638776,90994759.7,-0.0313,-0.3325,11.9122,5.2347,1749652464.23,N/A,2411045120,145925977,0,201088000,171.2386,7.2418,2.1828,-188.4007,
002015.SZ,霞客环保,2009-11-18,9.3835,9.2269,9.4852,9.0939,9.3521,10600090,125513509.9,-0.0313,-0.3336,11.8408,7.264,1743815425.15,N/A,2403001600,145925977,0,201088000,170.6674,7.2176,2.1755,-187.7722,
002015.SZ,霞客环保,2009-11-19,9.3521,9.3052,9.3443,9.1565,9.2661,6785255,80115697.1,-0.0861,-0.9205,11.8073,4.6498,1727763567.68,N/A,2380881920,145925977,0,201088000,169.0964,7.1512,2.1555,-186.0437,
002015.SZ,霞客环保,2009-11-20,9.2661,9.2504,9.2817,9.1017,9.1956,5080870,59643356.1,-0.0704,-0.7601,11.7388,3.4818,1714630229.75,N/A,2362784000,145925977,0,201088000,167.811,7.0968,2.1391,-184.6295,
002015.SZ,霞客环保,2009-11-23,9.1956,9.1956,9.5948,9.133,9.4304,12155114,146399936,0.2348,2.5532,12.0443,8.3296,1758408022.85,N/A,2423110400,145925977,0,201088000,172.0956,7.278,2.1937,-189.3435,
002015.SZ,霞客环保,2009-11-24,9.4304,9.4617,9.7356,9.1878,9.2191,15472353,188584507.1,-0.2113,-2.2407,12.1885,10.6029,1719008009.06,N/A,2368816640,145925977,0,201088000,168.2395,7.1149,2.1445,-185.1009,
002015.SZ,霞客环保,2009-11-25,9.2191,9.2426,10.1426,9.2426,9.9313,20550048,255781663,0.7122,7.725,12.4468,14.0825,1851800648.13,N/A,2551806720,145925977,0,201088000,181.2359,7.6645,2.3102,-199.3999,
002015.SZ,霞客环保,2009-11-26,9.9313,9.8687,10.1348,9.4617,9.4617,14995434,188013902.5,-0.4696,-4.7281,12.5381,10.2761,1764245061.93,N/A,2431153920,145925977,0,201088000,172.6668,7.3022,2.201,-189.972,
002015.SZ,霞客环保,2009-11-27,9.4617,9.313,9.9391,9.2348,9.5321,17511385,215962391,0.0704,0.7444,12.3327,12.0002,1777378399.86,N/A,2449251840,145925977,0,201088000,173.9522,7.3565,2.2174,-191.3862,
002015.SZ,霞客环保,2009-11-30,9.5321,9.6104,10.4869,9.5869,10.4869,32559657,423914652.4,0.9548,10.0164,13.0196,22.3124,1955408091.8,N/A,2694579200,145925977,0,201088000,191.376,8.0934,2.4395,-210.5562,
002015.SZ,霞客环保,2009-12-01,10.4869,10.4713,10.7765,10.1035,10.5417,35595508,475195603.6,0.0548,0.5224,13.3499,24.3929,1965622910.19,N/A,2708655360,145925977,0,201088000,192.3757,8.1356,2.4522,-211.6562,
002015.SZ,霞客环保,2009-12-02,10.5417,10.4008,10.44,10.1895,10.2678,21015711,276060480.1,-0.2739,-2.5984,13.1359,14.4016,1914548818.24,N/A,2638274560,145925977,0,201088000,187.3771,7.9243,2.3885,-206.1566,
002015.SZ,霞客环保,2009-12-03,10.2678,10.2756,10.3148,9.8765,10.1348,13836899,177933280.9,-0.133,-1.2957,12.8593,9.4821,1889741402.15,N/A,2604089600,145925977,0,201088000,184.9492,7.8216,2.3575,-203.4853,
002015.SZ,霞客环保,2009-12-04,10.1348,10.0721,10.2287,9.4382,9.6965,16624918,208665377.3,-0.4383,-4.3243,12.5514,11.3927,1808022855.03,N/A,2491480320,145925977,0,201088000,176.9514,7.4833,2.2556,-194.686,
002015.SZ,霞客环保,2009-12-07,9.6965,9.72,9.853,9.5478,9.7748,8410601,104104481.2,0.0783,0.8071,12.3778,5.7636,1822615452.73,N/A,2511589120,145925977,0,201088000,178.3795,7.5437,2.2738,-196.2573,
002015.SZ,霞客环保,2009-12-08,9.7748,9.7669,9.8295,9.5008,9.7121,7959171,98453855,-0.0626,-0.6405,12.3699,5.4543,1810941374.57,N/A,2495502080,145925977,0,201088000,177.237,7.4954,2.2592,-195.0002,
002015.SZ,霞客环保,2009-12-09,9.7121,9.5321,9.7435,9.4539,9.5008,5128077,62906288.6,-0.2113,-2.1757,12.267,3.5142,1771541360.78,N/A,2441208320,145925977,0,201088000,173.3809,7.3324,2.2101,-190.7577,
002015.SZ,霞客环保,2009-12-10,9.5008,9.5478,9.7513,9.5321,9.6495,4792832,59028059.3,0.1487,1.5651,12.3159,3.2844,1799267296.41,N/A,2479415040,145925977,0,201088000,176.0945,7.4471,2.2447,-193.7432,
002015.SZ,霞客环保,2009-12-11,9.6495,9.6652,9.7513,9.6182,9.6261,4778653,59107873.3,-0.0235,-0.2433,12.3691,3.2747,1794889517.1,N/A,2473382400,145925977,0,201088000,175.666,7.429,2.2392,-193.2718,
002015.SZ,霞客环保,2009-12-14,9.6261,9.6261,9.6652,9.2035,9.4226,5574257,66865993,-0.2035,-2.1138,11.9955,3.8199,1756948763.08,N/A,2421099520,145925977,0,201088000,171.9527,7.272,2.1919,-189.1864,
002015.SZ,霞客环保,2009-12-15,9.4226,9.3913,9.4461,9.2895,9.3521,4477224,53526384.2,-0.0704,-0.7475,11.9553,3.0681,1743815425.15,N/A,2403001600,145925977,0,201088000,170.6674,7.2176,2.1755,-187.7722,
002015.SZ,霞客环保,2009-12-16,9.3521,9.3287,9.4069,9.2348,9.3365,4070921,48410032.7,-0.0157,-0.1674,11.8917,2.7897,1740896905.61,N/A,2398979840,145925977,0,201088000,170.3817,7.2055,2.1718,-187.4579,
002015.SZ,霞客环保,2009-12-17,9.3365,9.3365,9.6026,9.2817,9.3365,6060886,72977623.8,0,0,12.0408,4.1534,1740896905.61,N/A,2398979840,145925977,0,201088000,170.3817,7.2055,2.1718,-187.4579,
002015.SZ,霞客环保,2009-12-18,9.3365,9.2348,9.2504,8.4522,8.7417,7658852,86054853.9,-0.5948,-6.3705,11.236,5.2485,1629993163.09,N/A,2246152960,145925977,0,201088000,159.5276,6.7465,2.0335,-175.5159,
002015.SZ,霞客环保,2009-12-21,8.7417,8.6869,8.7965,8.5304,8.6869,3502204,38775855.5,-0.0548,-0.6267,11.0718,2.4,1619778344.7,N/A,2232076800,145925977,0,201088000,158.5279,6.7042,2.0207,-174.416,
002015.SZ,霞客环保,2009-12-22,8.6869,8.7182,8.7182,8.1156,8.1391,4307895,46426193.1,-0.5478,-6.3063,10.777,2.9521,1517630160.8,N/A,2091315200,145925977,0,201088000,148.5306,6.2814,1.8933,-163.4168,
002015.SZ,霞客环保,2009-12-23,8.1391,8.1391,8.3582,8.1078,8.3269,3249192,34439278.2,0.1878,2.3077,10.5993,2.2266,1552652395.28,N/A,2139576320,145925977,0,201088000,151.9582,6.4264,1.937,-167.1879,
002015.SZ,霞客环保,2009-12-24,8.3269,8.3739,8.6478,8.2878,8.5617,4036014,43937454.3,0.2348,2.8195,10.8863,2.7658,1596430188.38,N/A,2199902720,145925977,0,201088000,156.2428,6.6076,1.9916,-171.9019,
002015.SZ,霞客环保,2009-12-25,8.5617,8.5617,8.5617,8.5617,8.5617,N/A,N/A,0,0,N/A,N/A,1596430188.38,N/A,2199902720,145925977,0,201088000,156.2428,6.6076,1.9916,-171.9019,
002015.SZ,霞客环保,2009-12-28,8.5617,8.6087,8.8826,8.6008,8.7261,3799891,42446171.8,0.1643,1.9196,11.1704,2.604,1627074643.55,N/A,2242131200,145925977,0,201088000,159.2419,6.7344,2.0299,-175.2017,
002015.SZ,霞客环保,2009-12-29,8.7261,8.7182,8.8356,8.4522,8.6556,3531628,38979898.1,-0.0704,-0.8072,11.0374,2.4202,1613941305.62,N/A,2224033280,145925977,0,201088000,157.9566,6.6801,2.0135,-173.7875,
002015.SZ,霞客环保,2009-12-30,8.6556,8.6556,8.6869,8.3817,8.5148,4252375,46127136.3,-0.1409,-1.6275,10.8474,2.9141,1587674629.76,N/A,2187837440,145925977,0,201088000,155.3859,6.5713,1.9807,-170.9591,
002015.SZ,霞客环保,2009-12-31,8.5148,8.5148,8.9921,8.46,8.8043,6988241,78039141.5,0.2896,3.4007,11.1672,4.7889,1641667241.25,N/A,2262240000,145925977,0,201088000,160.6701,6.7948,2.0481,-176.773,
002015.SZ,霞客环保,2010-01-04,8.8043,8.7887,8.8982,8.7261,8.7652,4302323,48368507.5,-0.0391,-0.4444,11.2424,2.9483,1634370942.4,N/A,2252185600,145925977,0,201088000,149.9308,4.6192,1.8431,44.5663,
002015.SZ,霞客环保,2010-01-05,8.7652,8.8043,8.8982,8.6087,8.8591,5511414,61739170.7,0.0939,1.0714,11.2021,3.7769,1651882059.64,N/A,2276316160,145925977,0,201088000,151.5372,4.6686,1.8628,45.0438,
002015.SZ,霞客环保,2010-01-06,8.8591,8.8278,9.0391,8.7261,8.8904,5125863,58409518.2,0.0313,0.3534,11.3951,3.5126,1657719098.72,N/A,2284359680,145925977,0,201088000,152.0726,4.6851,1.8694,45.2029,
002015.SZ,霞客环保,2010-01-07,8.8904,8.8904,9.1252,8.8122,9.0235,8977840,103602434.2,0.133,1.4965,11.5398,6.1523,1682526514.81,N/A,2318544640,145925977,0,201088000,154.3484,4.7553,1.8974,45.8794,
002015.SZ,霞客环保,2010-01-08,9.0235,9,9.1095,8.6322,8.9217,4091662,46520968.8,-0.1017,-1.1275,11.3697,2.8039,1663556137.8,N/A,2292403200,145925977,0,201088000,152.6081,4.7016,1.876,45.3621,
002015.SZ,霞客环保,2010-01-11,8.9217,8.9374,8.9921,8.6478,8.9765,5728699,64488959.7,0.0548,0.614,11.2572,3.9258,1673770956.19,N/A,2306479360,145925977,0,201088000,153.5452,4.7305,1.8875,45.6406,
002015.SZ,霞客环保,2010-01-12,8.9765,8.9139,9.0313,8.7495,8.9843,4475400,50914390.5,0.0078,0.0872,11.3765,3.0669,1675230215.96,N/A,2308490240,145925977,0,201088000,153.679,4.7346,1.8891,45.6804,
002015.SZ,霞客环保,2010-01-13,8.9843,8.7808,9.0391,8.7026,8.7808,5093246,57724734.3,-0.2035,-2.2648,11.3336,3.4903,1637289461.94,N/A,2256207360,145925977,0,201088000,150.1985,4.6274,1.8464,44.6459,
002015.SZ,霞客环保,2010-01-14,8.7808,8.7417,9.1956,8.6791,9.0548,12234324,140125174.3,0.2739,3.1194,11.4534,8.3839,1688363553.89,N/A,2326588160,145925977,0,201088000,154.8838,4.7718,1.904,46.0385,
002015.SZ,霞客环保,2010-01-15,9.0548,9,9.0939,8.9139,9.0939,7103569,81802055.2,0.0391,0.4322,11.5156,4.8679,1695659852.74,N/A,2336642560,145925977,0,201088000,155.5532,4.7924,1.9122,46.2375,
002015.SZ,霞客环保,2010-01-18,9.0939,9.0939,9.4304,9.0704,9.3521,9175192,108759258,0.2583,2.8399,11.8536,6.2876,1743815425.15,N/A,2403001600,145925977,0,201088000,159.9708,4.9285,1.9665,47.5506,
002015.SZ,霞客环保,2010-01-19,9.3521,9.3521,9.4304,9.1174,9.2191,6689196,78815549.8,-0.133,-1.4226,11.7825,4.584,1719008009.06,N/A,2368816640,145925977,0,201088000,157.695,4.8584,1.9385,46.8742,
002015.SZ,霞客环保,2010-01-20,9.2191,9.2739,9.2974,8.7652,8.7652,5943028,68623597.9,-0.4539,-4.9236,11.5469,4.0726,1634370942.4,N/A,2252185600,145925977,0,201088000,149.9308,4.6192,1.8431,44.5663,
002015.SZ,霞客环保,2010-01-21,8.7652,8.8356,8.8904,8.6948,8.7574,3379873,37921869.3,-0.0078,-0.0893,11.2199,2.3162,1632911682.63,N/A,2250174720,145925977,0,201088000,149.7969,4.615,1.8414,44.5265,
002015.SZ,霞客环保,2010-01-22,8.7574,8.6869,8.7574,8.1235,8.3582,7488531,80171725.5,-0.3991,-4.5576,10.7059,5.1317,1558489434.36,N/A,2147619840,145925977,0,201088000,142.9697,4.4047,1.7575,42.4971,
002015.SZ,霞客环保,2010-01-25,8.3582,8.1861,8.3739,8.1782,8.1861,2150516,22663430.4,-0.1722,-2.0599,10.5386,1.4737,1526385719.42,N/A,2103380480,145925977,0,201088000,140.0246,4.314,1.7213,41.6217,
002015.SZ,霞客环保,2010-01-26,8.1861,8.233,8.28,7.7087,7.7869,4631178,46548569.2,-0.3991,-4.8757,10.0511,3.1736,1451963471.15,N/A,2000825600,145925977,0,201088000,133.1974,4.1036,1.6374,39.5924,
002015.SZ,霞客环保,2010-01-27,7.7869,7.8026,7.8965,7.6695,7.7478,2314416,23025258,-0.0391,-0.5025,9.9486,1.586,1444667172.3,N/A,1990771200,145925977,0,201088000,132.5281,4.083,1.6291,39.3934,
002015.SZ,霞客环保,2010-01-28,7.7478,7.2469,7.9748,7.2469,7.9435,3474609,35023246.2,0.1957,2.5253,10.0798,2.3811,1481148666.55,N/A,2041043200,145925977,0,201088000,135.8748,4.1861,1.6703,40.3882,
002015.SZ,霞客环保,2010-01-29,7.9435,7.9122,7.9122,7.5913,7.7087,4949012,49140109.7,-0.2348,-2.9557,9.9293,3.3915,1437370873.45,N/A,1980716800,145925977,0,201088000,131.8588,4.0624,1.6209,39.1944,
002015.SZ,霞客环保,2010-02-01,7.7087,7.7165,7.7556,7.3956,7.4817,3449703,32901989.7,-0.227,-2.9442,9.5376,2.364,1395052340.12,N/A,1922401280,145925977,0,201088000,127.9766,3.9428,1.5732,38.0405,
002015.SZ,霞客环保,2010-02-02,7.4817,7.5052,7.6382,7.2939,7.2939,1995640,19019191.5,-0.1878,-2.5105,9.5304,1.3676,1360030105.64,N/A,1874140160,145925977,0,201088000,124.7638,3.8438,1.5337,37.0855,
002015.SZ,霞客环保,2010-02-03,7.2939,7.3408,7.4661,7.0904,7.38,3110745,28947524.1,0.0861,1.1803,9.3057,2.1317,1376081963.11,N/A,1896259840,145925977,0,201088000,126.2364,3.8892,1.5518,37.5232,
002015.SZ,霞客环保,2010-02-04,7.38,7.4348,7.4974,7.333,7.4191,3734739,35443992.9,0.0391,0.5302,9.4904,2.5593,1383378261.96,N/A,1906314240,145925977,0,201088000,126.9057,3.9098,1.56,37.7222,
002015.SZ,霞客环保,2010-02-05,7.4191,7.2704,7.5913,7.2078,7.333,3554220,33698034,-0.0861,-1.1603,9.4811,2.4356,1367326404.49,N/A,1884194560,145925977,0,201088000,125.4332,3.8644,1.5419,37.2845,
002015.SZ,霞客环保,2010-02-08,7.333,7.3878,7.4191,7.2235,7.3252,1571721,14755373.1,-0.0078,-0.1067,9.388,1.0771,1365867144.72,N/A,1882183680,145925977,0,201088000,125.2993,3.8603,1.5403,37.2447,
002015.SZ,霞客环保,2010-02-09,7.3252,7.3252,7.8965,7.2704,7.6461,8726563,84780197.5,0.3209,4.3803,9.7152,5.9801,1425696795.29,N/A,1964629760,145925977,0,201088000,130.7878,4.0294,1.6077,38.8761,
002015.SZ,霞客环保,2010-02-10,7.6461,7.6382,7.6382,7.4504,7.5678,4580847,44081596.6,-0.0783,-1.0235,9.623,3.1392,1411104197.59,N/A,1944520960,145925977,0,201088000,129.4492,3.9881,1.5913,38.4782,
002015.SZ,霞客环保,2010-02-11,7.5678,7.6382,7.6382,7.4113,7.4348,2833724,27167169.7,-0.133,-1.758,9.5871,1.9419,1386296781.5,N/A,1910336000,145925977,0,201088000,127.1734,3.918,1.5633,37.8017,
002015.SZ,霞客环保,2010-02-12,7.4348,7.4817,7.56,7.4191,7.5208,2080822,19917747.8,0.0861,1.1579,9.5721,1.4259,1402348638.97,N/A,1932455680,145925977,0,201088000,128.646,3.9634,1.5814,38.2395,
002015.SZ,霞客环保,2010-02-22,7.5208,7.5443,7.6382,7.5052,7.5287,3026743,29316807.3,0.0078,0.1041,9.6859,2.0742,1403807898.74,N/A,1934466560,145925977,0,201088000,128.7798,3.9675,1.5831,38.2792,
002015.SZ,霞客环保,2010-02-23,7.5287,7.5287,7.74,7.2939,7.6148,4536058,43672762.4,0.0861,1.1435,9.6279,3.1085,1419859756.21,N/A,1956586240,145925977,0,201088000,130.2524,4.0129,1.6012,38.7169,
002015.SZ,霞客环保,2010-02-24,7.6148,7.5913,7.8965,7.5756,7.8887,7538672,75066566.8,0.2739,3.5971,9.9575,5.1661,1470933848.16,N/A,2026967040,145925977,0,201088000,134.9377,4.1572,1.6588,40.1096,
002015.SZ,霞客环保,2010-02-25,7.8887,7.8261,8.4287,7.7791,8.1156,9336498,96553729.4,0.227,2.877,10.3415,6.3981,1513252381.49,N/A,2085282560,145925977,0,201088000,138.8198,4.2768,1.7065,41.2636,
002015.SZ,霞客环保,2010-02-26,8.1156,8.1156,8.3348,7.9826,8.1782,7977181,83070957.1,0.0626,0.7715,10.4136,5.4666,1524926459.65,N/A,2101369600,145925977,0,201088000,139.8908,4.3098,1.7196,41.5819,
002015.SZ,霞客环保,2010-03-01,8.1782,8.1156,8.593,8.1,8.3895,8961115,95744102.7,0.2113,2.5837,10.6844,6.1409,1564326473.44,N/A,2155663360,145925977,0,201088000,143.5052,4.4212,1.7641,42.6563,
002015.SZ,霞客环保,2010-03-02,8.3895,8.3035,8.4365,8.2565,8.3035,6118195,65128617.6,-0.0861,-1.0261,10.6451,4.1927,1548274615.97,N/A,2133543680,145925977,0,201088000,142.0326,4.3758,1.746,42.2186,
002015.SZ,霞客环保,2010-03-03,8.3035,8.3739,8.5774,8.3113,8.4991,8804363,94921980.9,0.1957,2.3563,10.7812,6.0334,1584756110.22,N/A,2183815680,145925977,0,201088000,145.3793,4.4789,1.7871,43.2134,
002015.SZ,霞客环保,2010-03-04,8.4991,8.4522,8.593,7.9122,7.9435,7293907,76673611.5,-0.5557,-6.5378,10.512,4.9984,1481148666.55,N/A,2041043200,145925977,0,201088000,135.8748,4.1861,1.6703,40.3882,
002015.SZ,霞客环保,2010-03-05,7.9435,7.9669,8.1,7.9043,7.9748,4122066,42171295.2,0.0313,0.3941,10.2306,2.8248,1486985705.63,N/A,2049086720,145925977,0,201088000,136.4102,4.2026,1.6769,40.5473,
002015.SZ,霞客环保,2010-03-08,7.9748,7.9826,8.1313,7.9513,8.0608,2518575,25924281.7,0.0861,1.0795,10.2932,1.7259,1503037563.1,N/A,2071206400,145925977,0,201088000,137.8828,4.248,1.695,40.9851,
002015.SZ,霞客环保,2010-03-09,8.0608,7.9826,8.1156,7.8417,8.053,3298258,33564855.1,-0.0078,-0.0971,10.1765,2.2602,1501578303.33,N/A,2069195520,145925977,0,201088000,137.7489,4.2438,1.6933,40.9453,
002015.SZ,霞客环保,2010-03-10,8.053,8.053,8.0687,7.8495,8.0295,2716774,27683361.9,-0.0235,-0.2915,10.1898,1.8617,1497200524.02,N/A,2063162880,145925977,0,201088000,137.3473,4.2315,1.6884,40.8259,
002015.SZ,霞客环保,2010-03-11,8.0295,7.9904,8.0922,7.8574,7.9748,2818655,28605681.5,-0.0548,-0.6823,10.1487,1.9316,1486985705.63,N/A,2049086720,145925977,0,201088000,136.4102,4.2026,1.6769,40.5473,
002015.SZ,霞客环保,2010-03-12,7.9748,8.0217,8.0452,7.7869,7.8104,3703122,37571365.8,-0.1643,-2.0608,10.1459,2.5377,1456341250.46,N/A,2006858240,145925977,0,201088000,133.599,4.116,1.6423,39.7117,
002015.SZ,霞客环保,2010-03-15,7.8104,7.8261,7.8652,7.6304,7.8104,2534730,25134807.8,0,0,9.9162,1.737,1456341250.46,N/A,2006858240,145925977,0,201088000,133.599,4.116,1.6423,39.7117,
002015.SZ,霞客环保,2010-03-16,7.8104,7.8104,7.8652,7.6617,7.8417,1957357,19436566.7,0.0313,0.4008,9.93,1.3413,1462178289.54,N/A,2014901760,145925977,0,201088000,134.1345,4.1325,1.6489,39.8709,
002015.SZ,霞客环保,2010-03-17,7.8417,7.8261,8.0608,7.8261,8.053,4266355,43468169.8,0.2113,2.6946,10.1886,2.9236,1501578303.33,N/A,2069195520,145925977,0,201088000,137.7489,4.2438,1.6933,40.9453,
002015.SZ,霞客环保,2010-03-18,8.053,8.0217,8.1861,7.9669,7.9982,3452756,35528881.3,-0.0548,-0.6803,10.29,2.3661,1491363484.94,N/A,2055119360,145925977,0,201088000,136.8118,4.215,1.6818,40.6667,
002015.SZ,霞客环保,2010-03-19,7.9982,7.9982,7.9982,7.9982,7.9982,N/A,N/A,0,0,N/A,N/A,1491363484.94,N/A,2055119360,145925977,0,201088000,136.8118,4.215,1.6818,40.6667,
002015.SZ,霞客环保,2010-03-22,7.9982,8.0295,8.1313,8.0061,8.0922,3072131,31667152.5,0.0939,1.1742,10.3079,2.1053,1508874602.18,N/A,2079249920,145925977,0,201088000,138.4182,4.2645,1.7015,41.1442,
002015.SZ,霞客环保,2010-03-23,8.0922,8.1078,8.1704,7.9669,8.0139,3030703,31166678.2,-0.0783,-0.9671,10.2836,2.0769,1494282004.48,N/A,2059141120,145925977,0,201088000,137.0796,4.2232,1.6851,40.7463,
002015.SZ,霞客环保,2010-03-24,8.0139,8.0139,8.1,8.0061,8.0217,2584507,26582509,0.0078,0.0977,10.2853,1.7711,1495741264.25,N/A,2061152000,145925977,0,201088000,137.2134,4.2274,1.6867,40.7861,
002015.SZ,霞客环保,2010-03-25,8.0217,8.0295,8.0295,7.7322,7.7791,3120163,31232991.4,-0.2426,-3.0244,10.0101,2.1382,1450504211.38,N/A,1998814720,145925977,0,201088000,133.0636,4.0995,1.6357,39.5526,
002015.SZ,霞客环保,2010-03-26,7.7791,7.8104,7.9435,7.7556,7.873,1965335,19733173.6,0.0939,1.2072,10.0406,1.3468,1468015328.62,N/A,2022945280,145925977,0,201088000,134.67,4.149,1.6555,40.0301,
002015.SZ,霞客环保,2010-03-29,7.873,7.873,7.873,7.873,7.873,N/A,N/A,0,0,N/A,N/A,1468015328.62,N/A,2022945280,145925977,0,201088000,134.67,4.149,1.6555,40.0301,
002015.SZ,霞客环保,2010-03-30,7.873,7.9356,8.1391,7.9356,8.1,5567427,57431439.5,0.227,2.8827,10.3156,3.8152,1510333861.95,N/A,2081260800,145925977,0,201088000,138.5521,4.2686,1.7032,41.184,
002015.SZ,霞客环保,2010-03-31,8.1,8.1078,8.28,8.1078,8.1391,6670445,69790488.9,0.0391,0.4831,10.4626,4.5711,1517630160.8,N/A,2091315200,145925977,0,201088000,139.2214,4.2892,1.7114,41.383,
002015.SZ,霞客环保,2010-04-01,8.1391,8.2956,8.5304,8.1861,8.2878,9823490,105004930.3,0.1487,1.8269,10.6892,6.7318,1545356096.43,N/A,2129521920,145925977,0,201088000,141.7649,4.3676,1.7427,42.139,
002015.SZ,霞客环保,2010-04-02,8.2878,8.233,8.3426,8.1704,8.2956,8013567,84563123.4,0.0078,0.0944,10.5525,5.4915,1546815356.2,N/A,2131532800,145925977,0,201088000,141.8988,4.3717,1.7443,42.1788,
002015.SZ,霞客环保,2010-04-06,8.2956,8.2956,8.2956,8.1469,8.2017,5040738,52780922,-0.0939,-1.1321,10.4709,3.4543,1529304238.96,N/A,2107402240,145925977,0,201088000,140.2924,4.3222,1.7246,41.7013,
002015.SZ,霞客环保,2010-04-07,8.2017,8.1782,8.2878,8.1,8.2252,4200996,44074947.6,0.0235,0.2863,10.4915,2.8789,1533682018.27,N/A,2113434880,145925977,0,201088000,140.694,4.3346,1.7295,41.8207,
002015.SZ,霞客环保,2010-04-08,8.2252,8.2174,8.3895,8.1391,8.3113,7541162,79834203.8,0.0861,1.0466,10.5865,5.1678,1549733875.74,N/A,2135554560,145925977,0,201088000,142.1665,4.3799,1.7476,42.2584,
002015.SZ,霞客环保,2010-04-09,8.3113,8.2956,8.46,8.2878,8.3582,6542854,70027280.4,0.047,0.565,10.7029,4.4837,1558489434.36,N/A,2147619840,145925977,0,201088000,142.9697,4.4047,1.7575,42.4971,
002015.SZ,霞客环保,2010-04-12,8.3582,8.3817,8.6556,8.3817,8.6165,13699579,149647403.7,0.2583,3.0899,10.9235,9.388,1606645006.77,N/A,2213978880,145925977,0,201088000,147.3873,4.5408,1.8118,43.8102,
002015.SZ,霞客环保,2010-04-13,8.6165,8.64,8.64,8.1235,8.233,11038853,117925248.2,-0.3835,-4.4505,10.6827,7.5647,1535141278.04,N/A,2115445760,145925977,0,201088000,140.8278,4.3387,1.7312,41.8605,
002015.SZ,霞客环保,2010-04-14,8.233,8.2487,8.4522,8.1548,8.413,6367327,67925607,0.18,2.1863,10.6678,4.3634,1568704252.75,N/A,2161696000,145925977,0,201088000,143.9068,4.4336,1.769,42.7757,
002015.SZ,霞客环保,2010-04-15,8.413,8.413,8.413,8.413,8.413,N/A,N/A,0,0,N/A,N/A,1568704252.75,N/A,2161696000,145925977,0,201088000,143.9068,4.4336,1.769,42.7757,
002015.SZ,霞客环保,2010-04-16,8.413,8.2252,8.3661,8.1391,8.2643,4329226,45654216.6,-0.1487,-1.7674,10.5456,2.9667,1540978317.12,N/A,2123489280,145925977,0,201088000,141.3633,4.3552,1.7377,42.0196,
002015.SZ,霞客环保,2010-04-19,8.2643,8.1782,8.2565,7.74,7.8887,6117239,62738038.6,-0.3757,-4.5455,10.2559,4.192,1470933848.16,N/A,2026967040,145925977,0,201088000,134.9377,4.1572,1.6588,40.1096,
002015.SZ,霞客环保,2010-04-20,7.8887,8.0139,8.0217,7.6069,7.7322,6364987,63378174.4,-0.1565,-1.9841,9.9573,4.3618,1441748652.76,N/A,1986749440,145925977,0,201088000,132.2604,4.0748,1.6258,39.3138,
002015.SZ,霞客环保,2010-04-21,7.7322,7.8026,7.9904,7.7478,7.9435,4771870,48034099.9,0.2113,2.7328,10.0661,3.2701,1481148666.55,N/A,2041043200,145925977,0,201088000,135.8748,4.1861,1.6703,40.3882,
002015.SZ,霞客环保,2010-04-22,7.9435,7.9043,8.0374,7.8026,7.9278,5237330,52895935.7,-0.0157,-0.197,10.0998,3.589,1478230147.01,N/A,2037021440,145925977,0,201088000,135.607,4.1779,1.667,40.3086,
002015.SZ,霞客环保,2010-04-23,7.9278,7.873,8.2722,7.8261,8.2408,10948518,113313079.5,0.313,3.9487,10.3496,7.5028,1536600537.81,N/A,2117456640,145925977,0,201088000,140.9617,4.3428,1.7328,41.9002,
002015.SZ,霞客环保,2010-04-26,8.2408,8.28,8.28,8.0295,8.1391,7089200,73996819.7,-0.1017,-1.2346,10.438,4.8581,1517630160.8,N/A,2091315200,145925977,0,201088000,139.2214,4.2892,1.7114,41.383,
002015.SZ,霞客环保,2010-04-27,8.1391,8.1626,8.1626,7.56,7.7087,5819341,58001936.6,-0.4304,-5.2885,9.9671,3.9879,1437370873.45,N/A,1980716800,145925977,0,201088000,131.8588,4.0624,1.6209,39.1944,
002015.SZ,霞客环保,2010-04-28,7.7087,7.6304,7.7322,7.4739,7.5835,2629323,25532474.7,-0.1252,-1.6244,9.7107,1.8018,1414022717.13,N/A,1948542720,145925977,0,201088000,129.7169,3.9964,1.5946,38.5578,
002015.SZ,霞客环保,2010-04-29,7.5835,7.7087,7.8652,7.4348,7.4348,3271041,32235132,-0.1487,-1.9608,9.8547,2.2416,1386296781.5,N/A,1910336000,145925977,0,201088000,127.1734,3.918,1.5633,37.8017,
002015.SZ,霞客环保,2010-04-30,7.4348,7.4426,7.4739,6.8869,6.9965,3952184,35518888.6,-0.4383,-5.8947,8.9872,2.7083,1304578234.38,N/A,1797726720,145925977,0,201088000,119.6769,3.6871,1.4712,35.5734,
002015.SZ,霞客环保,2010-05-04,6.9965,6.8165,6.9339,6.5895,6.8791,2329970,20237922.8,-0.1174,-1.6779,8.6859,1.5967,1282689337.83,N/A,1767563520,145925977,0,201088000,117.6689,3.6252,1.4465,34.9766,
002015.SZ,霞客环保,2010-05-05,6.8791,6.7695,7.1452,6.7695,7.0982,2694302,24067698.5,0.2191,3.1854,8.9328,1.8463,1323548611.39,N/A,1823868160,145925977,0,201088000,121.4172,3.7407,1.4926,36.0907,
002015.SZ,霞客环保,2010-05-06,7.0982,7.0982,7.2782,6.8087,6.8087,3951238,35591192.2,-0.2896,-4.0794,9.0076,2.7077,1269555999.9,N/A,1749465600,145925977,0,201088000,116.4641,3.5881,1.4317,34.6184,
002015.SZ,霞客环保,2010-05-07,6.8087,6.6365,6.9417,6.5582,6.7226,2150925,18564532,-0.0861,-1.2644,8.631,1.474,1253504142.43,N/A,1727345920,145925977,0,201088000,114.9915,3.5427,1.4136,34.1807,
002015.SZ,霞客环保,2010-05-10,6.7226,6.7148,6.8869,6.5895,6.7774,2092873,18036188.7,0.0548,0.8149,8.6179,1.4342,1263718960.82,N/A,1741422080,145925977,0,201088000,115.9286,3.5716,1.4251,34.4593,
002015.SZ,霞客环保,2010-05-11,6.7774,6.9495,6.9574,6.5739,6.5739,2211479,19126093.2,-0.2035,-3.0023,8.6486,1.5155,1225778206.8,N/A,1689139200,145925977,0,201088000,112.4481,3.4644,1.3823,33.4247,
002015.SZ,霞客环保,2010-05-12,6.5739,6.5739,6.6365,6.0652,6.2609,2781179,22572316.1,-0.313,-4.7619,8.1161,1.9059,1167407816,N/A,1608704000,145925977,0,201088000,107.0934,3.2994,1.3165,31.833,
002015.SZ,霞客环保,2010-05-13,6.2609,6.3,6.3782,6.0887,6.3782,2803701,22521117.7,0.1174,1.875,8.0326,1.9213,1189296712.55,N/A,1638867200,145925977,0,201088000,109.1014,3.3613,1.3412,32.4299,
002015.SZ,霞客环保,2010-05-14,6.3782,6.2765,6.6209,6.2765,6.5348,3575861,29510469.5,0.1565,2.454,8.2527,2.4505,1218481907.95,N/A,1679084800,145925977,0,201088000,111.7787,3.4437,1.3741,33.2257,
002015.SZ,霞客环保,2010-05-17,6.5348,6.4487,6.4565,5.9948,6.0182,3040583,24137916.4,-0.5165,-7.9042,7.9386,2.0836,1122170763.13,N/A,1546366720,145925977,0,201088000,102.9435,3.1715,1.2655,30.5995,
002015.SZ,霞客环保,2010-05-18,6.0182,5.9087,6.0809,5.6348,5.9478,4410897,33069950.6,-0.0704,-1.1704,7.4973,3.0227,1109037425.2,N/A,1528268800,145925977,0,201088000,101.7387,3.1344,1.2507,30.2414,
002015.SZ,霞客环保,2010-05-19,5.9478,5.8617,6.0104,5.7678,5.8852,2392110,18022290.9,-0.0626,-1.0526,7.5341,1.6393,1097363347.04,N/A,1512181760,145925977,0,201088000,100.6678,3.1014,1.2375,29.9231,
002015.SZ,霞客环保,2010-05-20,5.8852,5.8539,5.9635,5.7365,5.7443,2249276,16769421.5,-0.1409,-2.3936,7.4555,1.5414,1071096671.18,N/A,1475985920,145925977,0,201088000,98.2582,3.0272,1.2079,29.2068,
002015.SZ,霞客环保,2010-05-21,5.7443,5.5487,5.8226,5.4,5.7522,3017680,21631631.6,0.0078,0.1362,7.1683,2.068,1072555930.95,N/A,1477996800,145925977,0,201088000,98.3921,3.0313,1.2095,29.2466,
002015.SZ,霞客环保,2010-05-24,5.7522,5.8069,6.0652,5.7522,6.0495,4188525,31987590,0.2974,5.1701,7.637,2.8703,1128007802.21,N/A,1554410240,145925977,0,201088000,103.479,3.188,1.272,30.7587,
002015.SZ,霞客环保,2010-05-25,6.0495,5.9713,6.2374,5.9713,6.1435,4883531,38140069,0.0939,1.5524,7.8099,3.3466,1145518919.45,N/A,1578540800,145925977,0,201088000,105.0854,3.2375,1.2918,31.2362,
002015.SZ,霞客环保,2010-05-26,6.1435,6.0887,6.1748,6.0261,6.0809,2620239,20391917.2,-0.0626,-1.0191,7.7825,1.7956,1133844841.29,N/A,1562453760,145925977,0,201088000,104.0145,3.2045,1.2786,30.9178,
002015.SZ,霞客环保,2010-05-27,6.0809,6.0652,6.3626,6.0652,6.3078,4758101,38097330.8,0.227,3.7323,8.0068,3.2606,1176163374.62,N/A,1620769280,145925977,0,201088000,107.8966,3.3241,1.3263,32.0718,
002015.SZ,霞客环保,2010-05-28,6.3078,6.3391,6.3782,6.2217,6.3235,3467228,27872666,0.0157,0.2481,8.0389,2.376,1179081894.16,N/A,1624791040,145925977,0,201088000,108.1643,3.3324,1.3296,32.1514,
002015.SZ,霞客环保,2010-05-31,6.3235,6.3078,6.4409,6.12,6.12,2691697,21633247.2,-0.2035,-3.2178,8.037,1.8446,1141141140.14,N/A,1572508160,145925977,0,201088000,104.6838,3.2252,1.2869,31.1168,
002015.SZ,霞客环保,2010-06-01,6.12,6.0495,6.3078,5.9087,6.2295,5529475,43006636.3,0.1096,1.7903,7.7777,3.7892,1161570776.92,N/A,1600660480,145925977,0,201088000,106.5579,3.2829,1.3099,31.6739,
002015.SZ,霞客环保,2010-06-02,6.2295,6.0887,6.3782,6.0887,6.3782,3924935,31471886,0.1487,2.3869,8.0184,2.6897,1189296712.55,N/A,1638867200,145925977,0,201088000,109.1014,3.3613,1.3412,32.4299,
002015.SZ,霞客环保,2010-06-03,6.3782,6.4095,6.5504,6.2922,6.4722,7181091,58896534.8,0.0939,1.4724,8.2016,4.9211,1206807829.79,N/A,1662997760,145925977,0,201088000,110.7078,3.4107,1.3609,32.9074,
002015.SZ,霞客环保,2010-06-04,6.4722,6.3391,6.4174,6.253,6.3469,4549666,36863282.8,-0.1252,-1.9347,8.1024,3.1178,1183459673.47,N/A,1630823680,145925977,0,201088000,108.5659,3.3448,1.3346,32.2708,
002015.SZ,霞客环保,2010-06-07,6.3469,6.1826,6.4722,6.1435,6.3391,3700191,29837242.1,-0.0078,-0.1233,8.0637,2.5357,1182000413.7,N/A,1628812800,145925977,0,201088000,108.4321,3.3406,1.3329,32.231,
002015.SZ,霞客环保,2010-06-08,6.3391,6.3782,6.4017,6.2217,6.3939,2906732,23501861.7,0.0548,0.8642,8.0853,1.9919,1192215232.09,N/A,1642888960,145925977,0,201088000,109.3691,3.3695,1.3444,32.5095,
002015.SZ,霞客环保,2010-06-09,6.3939,6.4017,6.5035,6.3,6.5035,4364511,35757114.2,0.1096,1.7136,8.1927,2.9909,1212644868.87,N/A,1671041280,145925977,0,201088000,111.2433,3.4272,1.3675,33.0666,
002015.SZ,霞客环保,2010-06-10,6.5035,6.4956,6.4956,6.3704,6.3704,3768848,30932204.2,-0.133,-2.0457,8.2073,2.5827,1187837452.78,N/A,1636856320,145925977,0,201088000,108.9675,3.3571,1.3395,32.3901,
002015.SZ,霞客环保,2010-06-11,6.3704,6.3939,6.4409,6.2452,6.253,2406491,19458205.2,-0.1174,-1.8428,8.0857,1.6491,1165948556.23,N/A,1606693120,145925977,0,201088000,106.9595,3.2953,1.3148,31.7933,
002015.SZ,霞客环保,2010-06-17,6.253,6.3,6.3391,6.1826,6.1826,2036126,16285636.7,-0.0704,-1.1264,7.9983,1.3953,1152815218.3,N/A,1588595200,145925977,0,201088000,105.7547,3.2582,1.3,31.4351,
002015.SZ,霞客环保,2010-06-18,6.1826,6.1826,6.2609,6.0182,6.0495,2986492,23425973.9,-0.133,-2.1519,7.844,2.0466,1128007802.21,N/A,1554410240,145925977,0,201088000,103.479,3.188,1.272,30.7587,
002015.SZ,霞客环保,2010-06-21,6.0495,6.0104,6.3078,6.0104,6.2922,2825355,22398779.4,0.2426,4.0103,7.9278,1.9362,1173244855.08,N/A,1616747520,145925977,0,201088000,107.6289,3.3159,1.3231,31.9922,
002015.SZ,霞客环保,2010-06-22,6.2922,6.2765,6.6209,6.2765,6.4565,4763162,39107383,0.1643,2.6119,8.2104,3.2641,1203889310.25,N/A,1658976000,145925977,0,201088000,110.4401,3.4025,1.3576,32.8278,
002015.SZ,霞客环保,2010-06-23,6.4565,6.3782,6.4956,6.3313,6.433,3688998,30235266.5,-0.0235,-0.3636,8.1961,2.528,1199511530.94,N/A,1652943360,145925977,0,201088000,110.0385,3.3901,1.3527,32.7085,
002015.SZ,霞客环保,2010-06-24,6.433,6.4487,6.48,6.3626,6.4643,2144328,17602959,0.0313,0.4866,8.2091,1.4695,1205348570.02,N/A,1660986880,145925977,0,201088000,110.5739,3.4066,1.3593,32.8676,
002015.SZ,霞客环保,2010-06-25,6.4643,6.4174,6.4722,6.3391,6.4174,3192042,26161511.5,-0.047,-0.7264,8.1959,2.1874,1196593011.4,N/A,1648921600,145925977,0,201088000,109.7707,3.3819,1.3494,32.6289,
002015.SZ,霞客环保,2010-06-28,6.4174,6.4174,6.4174,6.1826,6.2217,2333194,18825038.1,-0.1957,-3.0488,8.0684,1.5989,1160111517.15,N/A,1598649600,145925977,0,201088000,106.4241,3.2788,1.3082,31.6341,
002015.SZ,霞客环保,2010-06-29,6.2217,6.2217,6.4956,6.0261,6.3548,6928160,55225955.5,0.133,2.1384,7.9712,4.7477,1184918933.24,N/A,1632834560,145925977,0,201088000,108.6998,3.3489,1.3362,32.3105,
002015.SZ,霞客环保,2010-06-30,6.3548,6.1122,6.4017,6.0652,6.2687,3877049,30841485.2,-0.0861,-1.3547,7.9549,2.6569,1168867075.77,N/A,1610714880,145925977,0,201088000,107.2273,3.3035,1.3181,31.8728,
002015.SZ,霞客环保,2010-07-01,6.2687,6.2139,6.7148,6.2139,6.5739,11828842,98815556.5,0.3052,4.8689,8.3538,8.1061,1225778206.8,N/A,1689139200,145925977,0,201088000,112.4481,3.4644,1.3823,33.4247,
002015.SZ,霞客环保,2010-07-02,6.5739,6.5504,6.8635,6.4565,6.8087,13861921,118002604.6,0.2348,3.5714,8.5127,9.4993,1269555999.9,N/A,1749465600,145925977,0,201088000,116.4641,3.5881,1.4317,34.6184,
002015.SZ,霞客环保,2010-07-05,6.8087,6.6756,6.7382,6.4643,6.6365,8864319,74889023.4,-0.1722,-2.5287,8.4484,6.0745,1237452284.96,N/A,1705226240,145925977,0,201088000,113.519,3.4974,1.3955,33.743,
002015.SZ,霞客环保,2010-07-06,6.6365,6.6287,6.9261,6.4956,6.9026,9697227,84002695.7,0.2661,4.0094,8.6625,6.6453,1287067117.14,N/A,1773596160,145925977,0,201088000,118.0705,3.6376,1.4514,35.0959,
002015.SZ,霞客环保,2010-07-07,6.9026,6.9182,6.9261,6.7461,6.8087,6965789,60731484.9,-0.0939,-1.3605,8.7185,4.7735,1269555999.9,N/A,1749465600,145925977,0,201088000,116.4641,3.5881,1.4317,34.6184,
002015.SZ,霞客环保,2010-07-08,6.8087,6.7852,6.84,6.613,6.7617,5807735,49877666.8,-0.047,-0.6897,8.5881,3.9799,1260800441.28,N/A,1737400320,145925977,0,201088000,115.6609,3.5633,1.4218,34.3797,
002015.SZ,霞客环保,2010-07-09,6.7617,6.7382,7.0669,6.6522,6.9965,9397141,82969733.5,0.2348,3.4722,8.8293,6.4397,1304578234.38,N/A,1797726720,145925977,0,201088000,119.6769,3.6871,1.4712,35.5734,
002015.SZ,霞客环保,2010-07-12,6.9965,6.9104,7.3487,6.9104,7.2939,12690894,116662634.8,0.2974,4.2506,9.1926,8.6968,1360030105.64,N/A,1874140160,145925977,0,201088000,124.7638,3.8438,1.5337,37.0855,
002015.SZ,霞客环保,2010-07-13,7.2939,7.2391,7.2548,7.02,7.1765,6196407,56603699.3,-0.1174,-1.6094,9.1349,4.2463,1338141209.09,N/A,1843976960,145925977,0,201088000,122.7558,3.7819,1.509,36.4886,
002015.SZ,霞客环保,2010-07-14,7.1765,7.1687,7.6304,7.1687,7.5443,12326652,118011069.8,0.3678,5.1254,9.5737,8.4472,1406726418.28,N/A,1938488320,145925977,0,201088000,129.0476,3.9758,1.5864,38.3588,
002015.SZ,霞客环保,2010-07-15,7.5443,7.5052,7.6382,7.2,7.2313,6640624,63022863.2,-0.313,-4.1494,9.4905,4.5507,1348356027.48,N/A,1858053120,145925977,0,201088000,123.6929,3.8108,1.5205,36.7672,
002015.SZ,霞客环保,2010-07-16,7.2313,7.2,7.5208,7.1295,7.4974,6790980,64071767.6,0.2661,3.6797,9.4348,4.6537,1397970859.66,N/A,1926423040,145925977,0,201088000,128.2444,3.951,1.5765,38.1201,
002015.SZ,霞客环保,2010-07-19,7.4974,7.3956,7.7322,7.3174,7.7008,7248002,69669419.3,0.2035,2.714,9.6122,4.9669,1435911613.68,N/A,1978705920,145925977,0,201088000,131.7249,4.0583,1.6193,39.1547,
002015.SZ,霞客环保,2010-07-20,7.7008,7.693,7.7478,7.5443,7.693,5423837,53114796.9,-0.0078,-0.1016,9.7928,3.7168,1434452353.91,N/A,1976695040,145925977,0,201088000,131.591,4.0541,1.6176,39.1149,
002015.SZ,霞客环保,2010-07-21,7.693,7.7165,7.7165,7.4895,7.5443,5451516,52896652.1,-0.1487,-1.9329,9.7031,3.7358,1406726418.28,N/A,1938488320,145925977,0,201088000,129.0476,3.9758,1.5864,38.3588,
002015.SZ,霞客环保,2010-07-22,7.5443,7.4974,7.6617,7.4974,7.5678,4002354,38732579,0.0235,0.3112,9.6774,2.7427,1411104197.59,N/A,1944520960,145925977,0,201088000,129.4492,3.9881,1.5913,38.4782,
002015.SZ,霞客环保,2010-07-23,7.5678,7.5522,7.5913,7.3408,7.4348,5404054,51268293.3,-0.133,-1.758,9.487,3.7033,1386296781.5,N/A,1910336000,145925977,0,201088000,127.1734,3.918,1.5633,37.8017,
002015.SZ,霞客环保,2010-07-26,7.4348,7.4191,7.6304,7.3565,7.5991,4887833,46840138.2,0.1643,2.2105,9.583,3.3495,1416941236.67,N/A,1952564480,145925977,0,201088000,129.9846,4.0046,1.5979,38.6374,
002015.SZ,霞客环保,2010-07-27,7.5991,7.56,7.6617,7.4348,7.513,3529737,34059793.4,-0.0861,-1.1329,9.6494,2.4189,1400889379.2,N/A,1930444800,145925977,0,201088000,128.5121,3.9593,1.5798,38.1997,
002015.SZ,霞客环保,2010-07-28,7.513,7.4974,7.5913,7.3878,7.5678,8483047,81316304.8,0.0548,0.7292,9.5857,5.8133,1411104197.59,N/A,1944520960,145925977,0,201088000,129.4492,3.9881,1.5913,38.4782,
002015.SZ,霞客环保,2010-07-29,7.5678,7.5756,7.7869,7.4895,7.6226,8870074,86524790.1,0.0548,0.7239,9.7547,6.0785,1421319015.98,N/A,1958597120,145925977,0,201088000,130.3862,4.017,1.6028,38.7567,
002015.SZ,霞客环保,2010-07-30,7.6226,7.56,7.56,7.3956,7.4582,4507418,43021860.5,-0.1643,-2.1561,9.5447,3.0888,1390674560.81,N/A,1916368640,145925977,0,201088000,127.575,3.9304,1.5683,37.9211,
002015.SZ,霞客环保,2010-08-02,7.4582,7.4348,7.56,7.3956,7.56,5026843,48221956.1,0.1017,1.3641,9.5929,3.4448,1409644937.82,N/A,1942510080,145925977,0,201088000,129.3153,3.984,1.5896,38.4384,
002015.SZ,霞客环保,2010-08-03,7.56,7.56,7.9669,7.5287,7.74,10525571,104032250.2,0.18,2.381,9.8838,7.213,1443207912.53,N/A,1988760320,145925977,0,201088000,132.3942,4.0789,1.6275,39.3536,
002015.SZ,霞客环保,2010-08-04,7.74,7.7087,7.8104,7.513,7.7322,4691719,45889988.1,-0.0078,-0.1011,9.7811,3.2151,1441748652.76,N/A,1986749440,145925977,0,201088000,132.2604,4.0748,1.6258,39.3138,
002015.SZ,霞客环保,2010-08-05,7.7322,7.7869,8.0374,7.7008,7.8417,8950029,90429868.1,0.1096,1.417,10.1039,6.1333,1462178289.54,N/A,2014901760,145925977,0,201088000,134.1345,4.1325,1.6489,39.8709,
002015.SZ,霞客环保,2010-08-06,7.8417,7.8261,7.9826,7.6774,7.9278,5576876,56007378.7,0.0861,1.0978,10.0428,3.8217,1478230147.01,N/A,2037021440,145925977,0,201088000,135.607,4.1779,1.667,40.3086,
002015.SZ,霞客环保,2010-08-09,7.9278,7.9278,8.0843,7.8339,7.9982,7691593,78667356.4,0.0704,0.8885,10.2277,5.2709,1491363484.94,N/A,2055119360,145925977,0,201088000,136.8118,4.215,1.6818,40.6667,
002015.SZ,霞客环保,2010-08-10,7.9982,7.9982,7.9982,7.4348,7.4426,7951415,78380653.4,-0.5557,-6.9472,9.8574,5.4489,1387756041.27,N/A,1912346880,145925977,0,201088000,127.3073,3.9222,1.565,37.8415,
002015.SZ,霞客环保,2010-08-11,7.4426,7.3878,7.4582,7.153,7.3722,7187406,67142420.3,-0.0704,-0.9464,9.3417,4.9254,1374622703.34,N/A,1894248960,145925977,0,201088000,126.1025,3.885,1.5501,37.4834,
002015.SZ,霞客环保,2010-08-12,7.3722,7.2548,7.333,7.0435,7.1295,5457801,50170799.5,-0.2426,-3.2909,9.1925,3.7401,1329385650.47,N/A,1831911680,145925977,0,201088000,121.9526,3.7572,1.4991,36.2499,
002015.SZ,霞客环保,2010-08-13,7.1295,7.1374,7.2939,7.0904,7.2861,3563320,32748773.5,0.1565,2.1954,9.1905,2.4419,1358570845.87,N/A,1872129280,145925977,0,201088000,124.63,3.8397,1.532,37.0457,
002015.SZ,霞客环保,2010-08-16,7.2861,7.2861,7.4191,7.1843,7.38,4848818,45490291.4,0.0939,1.2889,9.3817,3.3228,1376081963.11,N/A,1896259840,145925977,0,201088000,126.2364,3.8892,1.5518,37.5232,
002015.SZ,霞客环保,2010-08-17,7.38,7.4113,7.6617,7.3878,7.5835,7738465,74377456,0.2035,2.7572,9.6114,5.303,1414022717.13,N/A,1948542720,145925977,0,201088000,129.7169,3.9964,1.5946,38.5578,
002015.SZ,霞客环保,2010-08-18,7.5835,7.6382,7.6382,7.38,7.4426,4277813,40846870.5,-0.1409,-1.8576,9.5485,2.9315,1387756041.27,N/A,1912346880,145925977,0,201088000,127.3073,3.9222,1.565,37.8415,
002015.SZ,霞客环保,2010-08-19,7.4426,7.4035,7.5365,7.4035,7.4269,3670828,34941763.3,-0.0157,-0.2103,9.5188,2.5155,1384837521.73,N/A,1908325120,145925977,0,201088000,127.0396,3.9139,1.5617,37.762,
002015.SZ,霞客环保,2010-08-20,7.4269,7.3956,7.4269,7.1374,7.2078,4092855,38033677.3,-0.2191,-2.9505,9.2927,2.8047,1343978248.17,N/A,1852020480,145925977,0,201088000,123.2913,3.7984,1.5156,36.6478,
002015.SZ,霞客环保,2010-08-23,7.2078,7.1843,7.3643,7.1843,7.2861,2412389,22478761.2,0.0783,1.0858,9.318,1.6532,1358570845.87,N/A,1872129280,145925977,0,201088000,124.63,3.8397,1.532,37.0457,
002015.SZ,霞客环保,2010-08-24,7.2861,7.2939,7.5208,7.2391,7.4348,4517603,42759492,0.1487,2.0408,9.4651,3.0958,1386296781.5,N/A,1910336000,145925977,0,201088000,127.1734,3.918,1.5633,37.8017,
002015.SZ,霞客环保,2010-08-25,7.4348,7.4348,7.4426,7.1217,7.153,3992630,36986736,-0.2817,-3.7895,9.2638,2.7361,1333763429.78,N/A,1837944320,145925977,0,201088000,122.3542,3.7696,1.5041,36.3693,
002015.SZ,霞客环保,2010-08-26,7.153,7.1687,7.2782,7.0904,7.1609,2422140,22162807.9,0.0078,0.1094,9.1501,1.6598,1335222689.55,N/A,1839955200,145925977,0,201088000,122.4881,3.7737,1.5057,36.409,
002015.SZ,霞客环保,2010-08-27,7.1609,7.2,7.2,7.0904,7.1765,2188791,19979589.1,0.0157,0.2186,9.1281,1.4999,1338141209.09,N/A,1843976960,145925977,0,201088000,122.7558,3.7819,1.509,36.4886,
002015.SZ,霞客环保,2010-08-30,7.1765,7.2391,7.3408,7.1843,7.3095,3338692,31080886,0.133,1.8539,9.3093,2.2879,1362948625.18,N/A,1878161920,145925977,0,201088000,125.0316,3.852,1.537,37.1651,
002015.SZ,霞客环保,2010-08-31,7.3095,7.3095,7.5678,7.2,7.4817,6711098,63442018.7,0.1722,2.3555,9.4533,4.599,1395052340.12,N/A,1922401280,145925977,0,201088000,127.9766,3.9428,1.5732,38.0405,
002015.SZ,霞客环保,2010-09-01,7.4817,7.4817,7.6617,7.38,7.5991,12512614,120784740.2,0.1174,1.569,9.653,8.5746,1416941236.67,N/A,1952564480,145925977,0,201088000,129.9846,4.0046,1.5979,38.6374,
002015.SZ,霞客环保,2010-09-02,7.5991,7.6539,7.9669,7.4974,7.7791,14476616,142521634.5,0.18,2.3687,9.845,9.9205,1450504211.38,N/A,1998814720,145925977,0,201088000,133.0636,4.0995,1.6357,39.5526,
002015.SZ,霞客环保,2010-09-03,7.7791,7.8261,7.873,7.6461,7.693,8458299,83584494.4,-0.0861,-1.1066,9.882,5.7963,1434452353.91,N/A,1976695040,145925977,0,201088000,131.591,4.0541,1.6176,39.1149,
002015.SZ,霞客环保,2010-09-06,7.693,7.7869,7.7869,7.5052,7.5678,5774138,56161092,-0.1252,-1.6277,9.7263,3.9569,1411104197.59,N/A,1944520960,145925977,0,201088000,129.4492,3.9881,1.5913,38.4782,
002015.SZ,霞客环保,2010-09-07,7.5678,7.5913,7.7087,7.5365,7.6304,4226005,41185531.8,0.0626,0.8273,9.7457,2.896,1422778275.75,N/A,1960608000,145925977,0,201088000,130.5201,4.0211,1.6045,38.7965,
002015.SZ,霞客环保,2010-09-08,7.6304,7.6461,7.6461,7.4895,7.5756,4358463,42078421.7,-0.0548,-0.7179,9.6544,2.9868,1412563457.36,N/A,1946531840,145925977,0,201088000,129.583,3.9923,1.5929,38.518,
002015.SZ,霞客环保,2010-09-09,7.5756,7.5835,7.6852,7.3174,7.3408,5992159,57370500.6,-0.2348,-3.0992,9.5743,4.1063,1368785664.26,N/A,1886205440,145925977,0,201088000,125.567,3.8685,1.5436,37.3242,
002015.SZ,霞客环保,2010-09-10,7.3408,7.38,7.5443,7.0435,7.4817,5461117,51072942.2,0.1409,1.919,9.3521,3.7424,1395052340.12,N/A,1922401280,145925977,0,201088000,127.9766,3.9428,1.5732,38.0405,
002015.SZ,霞客环保,2010-09-13,7.4817,7.4504,7.7087,7.3878,7.6617,6975065,67696839.1,0.18,2.4059,9.7055,4.7799,1428615314.83,N/A,1968651520,145925977,0,201088000,131.0556,4.0376,1.611,38.9557,
002015.SZ,霞客环保,2010-09-14,7.6617,7.6617,7.8104,7.4974,7.693,9342067,91423660.3,0.0313,0.4086,9.7862,6.4019,1434452353.91,N/A,1976695040,145925977,0,201088000,131.591,4.0541,1.6176,39.1149,
002015.SZ,霞客环保,2010-09-15,7.693,7.693,7.8026,7.5913,7.7008,10054038,99227857.5,0.0078,0.1017,9.8695,6.8898,1435911613.68,N/A,1978705920,145925977,0,201088000,131.7249,4.0583,1.6193,39.1547,
002015.SZ,霞客环保,2010-09-16,7.7008,7.7869,8.2095,7.6617,8.1313,28329093,288883928,0.4304,5.5894,10.1974,19.4133,1516170901.03,N/A,2089304320,145925977,0,201088000,139.0876,4.2851,1.7098,41.3432,
002015.SZ,霞客环保,2010-09-17,8.1313,7.9982,8.1,7.8339,7.9748,13605767,138318381.2,-0.1565,-1.9249,10.1662,9.3237,1486985705.63,N/A,2049086720,145925977,0,201088000,136.4102,4.2026,1.6769,40.5473,
002015.SZ,霞客环保,2010-09-20,7.9748,7.9904,8.053,7.2939,7.3878,12809945,125172124.7,-0.587,-7.3602,9.7715,8.7784,1377541222.88,N/A,1898270720,145925977,0,201088000,126.3702,3.8933,1.5534,37.563,
002015.SZ,霞客环保,2010-09-21,7.3878,7.2939,7.3878,7.0826,7.2,7063703,65130926.6,-0.1878,-2.5424,9.2205,4.8406,1342518988.4,N/A,1850009600,145925977,0,201088000,123.1574,3.7943,1.5139,36.608,
002015.SZ,霞客环保,2010-09-27,7.2,7.2235,7.3956,7.1295,7.3408,4701528,43649810.6,0.1409,1.9565,9.2842,3.2219,1368785664.26,N/A,1886205440,145925977,0,201088000,125.567,3.8685,1.5436,37.3242,
002015.SZ,霞客环保,2010-09-28,7.3408,7.3174,7.3722,7.2078,7.3408,3439138,32032035,0,0,9.314,2.3568,1368785664.26,N/A,1886205440,145925977,0,201088000,125.567,3.8685,1.5436,37.3242,
002015.SZ,霞客环保,2010-09-29,7.3408,7.2861,7.3878,7.2313,7.2391,2936676,27406532.7,-0.1017,-1.3859,9.3325,2.0124,1349815287.25,N/A,1860064000,145925977,0,201088000,123.8268,3.8149,1.5222,36.807,
002015.SZ,霞客环保,2010-09-30,7.2391,7.1452,7.3956,7.0982,7.2469,2976293,27600259.9,0.0078,0.1081,9.2734,2.0396,1351274547.02,N/A,1862074880,145925977,0,201088000,123.9606,3.819,1.5238,36.8468,
002015.SZ,霞客环保,2010-10-08,7.2469,7.3174,7.4582,7.2704,7.4035,4094953,38705511.2,0.1565,2.1598,9.452,2.8062,1380459742.42,N/A,1902292480,145925977,0,201088000,126.638,3.9015,1.5567,37.6426,
002015.SZ,霞客环保,2010-10-11,7.4035,7.4191,7.6226,7.38,7.5522,5686678,54397266.7,0.1487,2.0085,9.5657,3.897,1408185678.05,N/A,1940499200,145925977,0,201088000,129.1814,3.9799,1.588,38.3986,
002015.SZ,霞客环保,2010-10-12,7.5522,7.5208,7.6304,7.4582,7.5913,5503805,53261563.7,0.0391,0.5181,9.6772,3.7716,1415481976.9,N/A,1950553600,145925977,0,201088000,129.8508,4.0005,1.5962,38.5976,
002015.SZ,霞客环保,2010-10-13,7.5913,7.6539,7.9278,7.5835,7.9043,11877408,118001359.1,0.313,4.1237,9.9349,8.1393,1473852367.7,N/A,2030988800,145925977,0,201088000,135.2054,4.1655,1.662,40.1892,
002015.SZ,霞客环保,2010-10-14,7.9043,7.8339,7.8808,7.5913,7.6382,6265054,61765671.5,-0.2661,-3.3663,9.8588,4.2933,1424237535.52,N/A,1962618880,145925977,0,201088000,130.654,4.0253,1.6061,38.8363,
002015.SZ,霞客环保,2010-10-15,7.6382,7.513,8.4052,7.38,8.4052,23449504,242999211.6,0.767,10.041,10.3627,16.0695,1567244992.98,N/A,2159685120,145925977,0,201088000,143.7729,4.4294,1.7674,42.7359,
002015.SZ,霞客环保,2010-10-18,8.4052,9.2426,9.2426,9.2348,9.2426,26191276,309318868.6,0.8374,9.9628,11.81,17.9483,1723385788.37,N/A,2374849280,145925977,0,201088000,158.0966,4.8707,1.9434,46.9935,
002015.SZ,霞客环保,2010-10-19,9.2426,9.7356,9.7356,9.0782,9.4617,28735774,343780570.4,0.2191,2.3709,11.9635,19.692,1764245061.93,N/A,2431153920,145925977,0,201088000,161.8449,4.9862,1.9895,48.1077,
002015.SZ,霞客环保,2010-10-20,9.4617,9.0782,9.6965,8.9452,9.2113,32369509,386673526.5,-0.2504,-2.6468,11.9456,22.1821,1717548749.29,N/A,2366805760,145925977,0,201088000,157.5612,4.8542,1.9369,46.8344,
002015.SZ,霞客环保,2010-10-21,9.2113,9.18,10.1269,8.9921,10.0487,30453017,368633723.5,0.8374,9.0909,12.105,20.8688,1873689544.68,N/A,2581969920,145925977,0,201088000,171.8849,5.2955,2.1129,51.092,
002015.SZ,霞客环保,2010-10-22,10.0487,9.7826,10.0408,9.5869,9.7356,19819996,247152323.4,-0.313,-3.1153,12.4698,13.5822,1815319153.88,N/A,2501534720,145925977,0,201088000,166.5303,5.1306,2.0471,49.5004,
002015.SZ,霞客环保,2010-10-25,9.7356,9.6965,10.0174,9.6339,9.8452,16084381,201732083.2,0.1096,1.1254,12.5421,11.0223,1835748790.66,N/A,2529687040,145925977,0,201088000,168.4044,5.1883,2.0702,50.0575,
002015.SZ,霞客环保,2010-10-26,9.8452,9.8921,10.2678,9.7356,9.9235,15076473,192881023.5,0.0783,0.7949,12.7935,10.3316,1850341388.36,N/A,2549795840,145925977,0,201088000,169.7431,5.2295,2.0866,50.4554,
002015.SZ,霞客环保,2010-10-27,9.9235,9.8843,10.8078,9.8217,10.4165,21485238,287707753.9,0.493,4.9685,13.391,14.7234,1942274753.87,N/A,2676481280,145925977,0,201088000,178.1767,5.4894,2.1903,52.9622,
002015.SZ,霞客环保,2010-10-28,10.4165,10.2913,10.6904,10.0956,10.3539,10388224,137040448,-0.0626,-0.6011,13.1919,7.1188,1930600675.71,N/A,2660394240,145925977,0,201088000,177.1057,5.4564,2.1771,52.6439,
002015.SZ,霞客环保,2010-10-29,10.3539,10.2913,10.8469,10.1817,10.4713,11637640,157756373.7,0.1174,1.1338,13.5557,7.975,1952489572.26,N/A,2690557440,145925977,0,201088000,179.1137,5.5182,2.2018,53.2408,
002015.SZ,霞客环保,2010-11-01,10.4713,10.4478,10.8782,10.0408,10.6434,12884706,171922426.7,0.1722,1.6442,13.3431,8.8296,1984593287.2,N/A,2734796800,145925977,0,201088000,182.0588,5.609,2.238,54.1162,
002015.SZ,霞客环保,2010-11-02,10.6434,10.5652,11.1756,10.4478,10.4478,15364128,212908231,-0.1957,-1.8382,13.8575,10.5287,1948111792.95,N/A,2684524800,145925977,0,201088000,178.7121,5.5059,2.1969,53.1214,
002015.SZ,霞客环保,2010-11-03,10.4478,10.7608,11.4495,10.6278,11.0739,19993753,281176183.2,0.6261,5.9925,14.0632,13.7013,2064852574.55,N/A,2845395200,145925977,0,201088000,189.4215,5.8358,2.3285,56.3047,
002015.SZ,霞客环保,2010-11-04,11.0739,11.0348,11.2148,10.7452,11.0426,11052593,154930532.7,-0.0313,-0.2827,14.0176,7.5741,2059015535.47,N/A,2837351680,145925977,0,201088000,188.886,5.8193,2.3219,56.1455,
002015.SZ,霞客环保,2010-11-05,11.0426,11.0426,11.6921,11.0348,11.2617,13908064,202521922.5,0.2191,1.9844,14.5615,9.5309,2099874809.03,N/A,2893656320,145925977,0,201088000,192.6343,5.9348,2.368,57.2597,
002015.SZ,霞客环保,2010-11-08,11.2617,11.8174,12.3887,11.8174,12.3887,6556362,102693125,1.127,10.0069,15.6631,4.4929,2310008215.91,N/A,3183223040,145925977,0,201088000,211.9111,6.5287,2.605,62.9896,
002015.SZ,霞客环保,2010-11-09,12.3887,12.5608,13.5078,12.5217,13.14,20655257,342037847.8,0.7513,6.0644,16.5594,14.1546,2450097153.83,N/A,3376267520,145925977,0,201088000,224.7623,6.9246,2.763,66.8096,
002015.SZ,霞客环保,2010-11-10,13.14,12.6782,13.1008,12.3808,12.7095,14212153,230118955.1,-0.4304,-3.2758,16.1917,9.7393,2369837866.48,N/A,3265669120,145925977,0,201088000,217.3996,6.6978,2.6724,64.6211,
002015.SZ,霞客环保,2010-11-11,12.7095,12.6156,13.0382,12.3652,12.4904,10060882,164178686.4,-0.2191,-1.7241,16.3185,6.8945,2328978592.92,N/A,3209364480,145925977,0,201088000,213.6514,6.5823,2.6264,63.5069,
002015.SZ,霞客环保,2010-11-12,12.4904,12.2947,12.2947,11.2382,11.2382,14727634,218975345.8,-1.2522,-10.0251,14.8683,10.0925,2095497029.72,N/A,2887623680,145925977,0,201088000,192.2327,5.9224,2.3631,57.1403,
002015.SZ,霞客环保,2010-11-15,11.2382,11.0191,11.4965,10.4556,11.3478,17566288,243420771,0.1096,0.9749,13.8573,12.0378,2115926666.5,N/A,2915776000,145925977,0,201088000,194.1068,5.9802,2.3861,57.6974,
002015.SZ,霞客环保,2010-11-16,11.3478,11.113,11.1287,10.213,10.2365,16292684,221047468.1,-1.1113,-9.7931,13.5673,11.165,1908711779.16,N/A,2630231040,145925977,0,201088000,175.0977,5.3945,2.1524,52.047,
002015.SZ,霞客环保,2010-11-17,10.2365,9.9782,10.573,9.9235,10.26,9145427,120866893.6,0.0235,0.2294,13.2161,6.2672,1913089558.47,N/A,2636263680,145925977,0,201088000,175.4993,5.4069,2.1574,52.1664,
002015.SZ,霞客环保,2010-11-18,10.26,10.26,10.26,10.26,10.26,N/A,N/A,0,0,N/A,N/A,1913089558.47,N/A,2636263680,145925977,0,201088000,175.4993,5.4069,2.1574,52.1664,
002015.SZ,霞客环保,2010-11-19,10.26,10.5574,10.6278,9.9782,10.4635,8848508,116787872.3,0.2035,1.9832,13.1986,6.0637,1951030312.49,N/A,2688546560,145925977,0,201088000,178.9799,5.5141,2.2002,53.201,
002015.SZ,霞客环保,2010-11-22,10.4635,10.2913,10.8782,10.1739,10.6748,11001623,148647613.6,0.2113,2.0194,13.5114,7.5392,1990430326.28,N/A,2742840320,145925977,0,201088000,182.5943,5.6255,2.2446,54.2753,
002015.SZ,霞客环保,2010-11-23,10.6748,10.7061,11.1756,10.5261,10.8391,15794235,219319330,0.1643,1.5396,13.886,10.8235,2021074781.45,N/A,2785068800,145925977,0,201088000,185.4055,5.7121,2.2791,55.111,
002015.SZ,霞客环保,2010-11-24,10.8391,10.573,10.9956,10.5261,10.9878,9243388,127046798.6,0.1487,1.3718,13.7446,6.3343,2048800717.08,N/A,2823275520,145925977,0,201088000,187.9489,5.7904,2.3104,55.867,
002015.SZ,霞客环保,2010-11-25,10.9878,11.3087,11.3087,10.8782,11.0974,10840146,153470622.7,0.1096,0.9972,14.1576,7.4285,2069230353.86,N/A,2851427840,145925977,0,201088000,189.8231,5.8482,2.3335,56.4241,
002015.SZ,霞客环保,2010-11-26,11.0974,11.0348,11.1678,10.7687,10.8156,6822936,95420195.3,-0.2817,-2.5388,13.9852,4.6756,2016697002.14,N/A,2779036160,145925977,0,201088000,185.0039,5.6997,2.2742,54.9916,
002015.SZ,霞客环保,2010-11-29,10.8156,10.7217,10.7217,10.033,10.393,13078403,171146624.7,-0.4226,-3.9074,13.0862,8.9624,1937896974.56,N/A,2670448640,145925977,0,201088000,177.7751,5.477,2.1853,52.8429,
002015.SZ,霞客环保,2010-11-30,10.393,10.2365,10.3695,9.5008,9.72,10365376,130625196.9,-0.673,-6.4759,12.6021,7.1032,1812400634.34,N/A,2497512960,145925977,0,201088000,166.2625,5.1223,2.0438,49.4208,
002015.SZ,霞客环保,2010-12-01,9.72,9.6104,9.9861,9.5556,9.8765,5552575,69840266.6,0.1565,1.6103,12.578,3.8051,1841585829.74,N/A,2537730560,145925977,0,201088000,168.9399,5.2048,2.0767,50.2166,
002015.SZ,霞客环保,2010-12-02,9.8765,10.0017,10.0487,9.7513,9.7513,5721806,72409348.9,-0.1252,-1.2678,12.655,3.921,1818237673.42,N/A,2505556480,145925977,0,201088000,166.798,5.1388,2.0504,49.58,
002015.SZ,霞客环保,2010-12-03,9.7513,9.7748,9.9861,9.7043,9.9235,5538929,69949756.3,0.1722,1.7657,12.6288,3.7957,1850341388.36,N/A,2549795840,145925977,0,201088000,169.7431,5.2295,2.0866,50.4554,
002015.SZ,霞客环保,2010-12-06,9.9235,9.9156,9.9704,9.6495,9.8765,4146802,52141539.5,-0.047,-0.4732,12.5739,2.8417,1841585829.74,N/A,2537730560,145925977,0,201088000,168.9399,5.2048,2.0767,50.2166,
002015.SZ,霞客环保,2010-12-07,9.8765,9.8608,10.3382,9.6261,10.2756,8108446,104405812.6,0.3991,4.0412,12.8762,5.5565,1916008078.01,N/A,2640285440,145925977,0,201088000,175.7671,5.4151,2.1607,52.246,
002015.SZ,霞客环保,2010-12-08,10.2756,10.1817,10.3695,10.0095,10.0643,6020263,78200073.4,-0.2113,-2.0564,12.9895,4.1256,1876608064.22,N/A,2585991680,145925977,0,201088000,172.1527,5.3038,2.1162,51.1716,
002015.SZ,霞客环保,2010-12-09,10.0643,10.0956,10.0956,9.5321,9.5635,4992348,62151171.6,-0.5009,-4.9767,12.4493,3.4212,1783215438.94,N/A,2457295360,145925977,0,201088000,163.5852,5.0398,2.0109,48.625,
002015.SZ,霞客环保,2010-12-10,9.5635,9.5087,9.8217,9.4461,9.7043,3003994,36950967.4,0.1409,1.473,12.3006,2.0586,1809482114.8,N/A,2493491200,145925977,0,201088000,165.9948,5.1141,2.0405,49.3412,
002015.SZ,霞客环保,2010-12-13,9.7043,9.8843,10.3226,9.7669,10.2443,8365834,108232565,0.54,5.5645,12.9375,5.7329,1910171038.93,N/A,2632241920,145925977,0,201088000,175.2316,5.3986,2.1541,52.0868,
002015.SZ,霞客环保,2010-12-14,10.2443,10.2521,10.7608,10.1974,10.6356,12639281,170695892.3,0.3913,3.8197,13.5052,8.6614,1983134027.43,N/A,2732785920,145925977,0,201088000,181.9249,5.6048,2.2364,54.0764,
002015.SZ,霞客环保,2010-12-15,10.6356,10.6121,10.6826,10.3304,10.4165,7546184,101052155.1,-0.2191,-2.0603,13.3912,5.1712,1942274753.87,N/A,2676481280,145925977,0,201088000,178.1767,5.4894,2.1903,52.9622,
002015.SZ,霞客环保,2010-12-16,10.4165,10.4556,10.7608,10.2835,10.6591,8938423,120359686.4,0.2426,2.3291,13.4654,6.1253,1987511806.74,N/A,2738818560,145925977,0,201088000,182.3265,5.6172,2.2413,54.1958,
002015.SZ,霞客环保,2010-12-17,10.6591,10.5652,10.6356,10.4008,10.4869,4287684,57476499.1,-0.1722,-1.6153,13.405,2.9383,1955408091.8,N/A,2694579200,145925977,0,201088000,179.3815,5.5265,2.2051,53.3204,
002015.SZ,霞客环保,2010-12-20,10.4869,10.5495,10.5495,9.8139,10.2521,7581647,98376025.9,-0.2348,-2.2388,12.9755,5.1955,1911630298.7,N/A,2634252800,145925977,0,201088000,175.3655,5.4028,2.1557,52.1266,
002015.SZ,霞客环保,2010-12-21,10.2521,10.2287,10.2991,10.0174,10.2913,3708241,48246509.5,0.0391,0.3817,13.0106,2.5412,1918926597.55,N/A,2644307200,145925977,0,201088000,176.0348,5.4234,2.164,52.3256,
002015.SZ,霞客环保,2010-12-22,10.2913,10.2913,10.8782,10.1739,10.8234,12723162,172456206.7,0.5322,5.1711,13.5545,8.7189,2018156261.91,N/A,2781047040,145925977,0,201088000,185.1377,5.7038,2.2759,55.0314,
002015.SZ,霞客环保,2010-12-23,10.8234,10.7295,10.7687,9.9626,10.1269,16934951,223306571.7,-0.6965,-6.4353,13.1861,11.6052,1888282142.38,N/A,2602078720,145925977,0,201088000,173.2236,5.3368,2.1294,51.49,
002015.SZ,霞客环保,2010-12-24,10.1269,10.0174,10.0956,9.5478,9.673,5846764,72741436.3,-0.4539,-4.4822,12.4413,4.0067,1803645075.72,N/A,2485447680,145925977,0,201088000,165.4593,5.0976,2.034,49.1821,
002015.SZ,霞客环保,2010-12-27,9.673,9.6261,9.8139,9.0782,9.1565,5179710,63264588.9,-0.5165,-5.3398,12.2139,3.5495,1707333930.9,N/A,2352729600,145925977,0,201088000,156.6241,4.8254,1.9253,46.5558,
002015.SZ,霞客环保,2010-12-28,9.1565,9.1565,9.2895,8.6478,8.7104,7063629,79845506.2,-0.4461,-4.8718,11.3038,4.8406,1624156124.01,N/A,2238109440,145925977,0,201088000,148.9937,4.5903,1.8315,44.2877,
002015.SZ,霞客环保,2010-12-29,8.7104,8.7104,8.953,8.7026,8.8513,3749000,42312252.8,0.1409,1.6173,11.2863,2.5691,1650422799.87,N/A,2274305280,145925977,0,201088000,151.4033,4.6645,1.8612,45.004,
002015.SZ,霞客环保,2010-12-30,8.8513,8.8591,9.0704,8.773,8.9608,3772580,43025259.4,0.1096,1.2378,11.4047,2.5853,1670852436.65,N/A,2302457600,145925977,0,201088000,153.2774,4.7223,1.8842,45.5611,
002015.SZ,霞客环保,2010-12-31,8.9608,8.9687,9.1487,8.8043,9.1408,6540657,75132136,0.18,2.0087,11.4869,4.4822,1704415411.36,N/A,2348707840,145925977,0,201088000,156.3564,4.8171,1.9221,46.4763,
002015.SZ,霞客环保,2011-01-04,9.1408,9.1408,9.3208,9.0156,9.2348,6113611,71685892.5,0.0939,1.0274,11.7256,4.1895,1721926528.6,N/A,2372838400,145925977,0,201088000,113.4061,4.6615,1.533,29.8842,
002015.SZ,霞客环保,2011-01-05,9.2348,9.1487,9.54,9.0782,9.4461,7156283,85452552.9,0.2113,2.2881,11.9409,4.9041,1761326542.39,N/A,2427132160,145925977,0,201088000,116.0009,4.7682,1.568,30.5679,
002015.SZ,霞客环保,2011-01-06,9.4461,9.4695,9.6965,9.1956,9.4617,7517147,90826667.9,0.0157,0.1657,12.0826,5.1513,1764245061.93,N/A,2431153920,145925977,0,201088000,116.1932,4.7761,1.5706,30.6186,
002015.SZ,霞客环保,2011-01-07,9.4617,9.3913,9.5556,9.2817,9.313,4411159,52930975.4,-0.1487,-1.5715,11.9993,3.0229,1736519126.3,N/A,2392947200,145925977,0,201088000,114.3671,4.701,1.5459,30.1374,
002015.SZ,霞客环保,2011-01-10,9.313,9.313,9.313,8.7574,8.7652,5877040,67428039.4,-0.5478,-5.8824,11.4731,4.0274,1634370942.4,N/A,2252185600,145925977,0,201088000,107.6397,4.4245,1.455,28.3646,
002015.SZ,霞客环保,2011-01-11,8.7652,8.8435,8.8435,8.46,8.5774,4539760,50090997.9,-0.1878,-2.1429,11.0338,3.111,1599348707.92,N/A,2203924480,145925977,0,201088000,105.3331,4.3297,1.4238,27.7568,
002015.SZ,霞客环保,2011-01-12,8.5774,8.5852,8.7261,8.5382,8.7182,2276626,25143066.3,0.1409,1.6423,11.044,1.5601,1625615383.78,N/A,2240120320,145925977,0,201088000,107.063,4.4008,1.4472,28.2127,
002015.SZ,霞客环保,2011-01-13,8.7182,8.8122,8.8278,8.64,8.64,2676566,29837328.6,-0.0783,-0.8977,11.1476,1.8342,1611022786.08,N/A,2220011520,145925977,0,201088000,106.1019,4.3613,1.4342,27.9594,
002015.SZ,霞客环保,2011-01-14,8.64,8.64,8.64,8.3582,8.3582,3370967,36360319,-0.2817,-3.2609,10.7863,2.3101,1558489434.36,N/A,2147619840,145925977,0,201088000,102.6421,4.2191,1.3875,27.0477,
002015.SZ,霞客环保,2011-01-17,8.3582,8.2956,8.3582,8.0687,8.1156,3137200,32810193.2,-0.2426,-2.9026,10.4584,2.1499,1513252381.49,N/A,2085282560,145925977,0,201088000,99.6628,4.0966,1.3472,26.2626,
002015.SZ,霞客环保,2011-01-18,8.1156,8.0295,8.2095,7.9982,8.1704,2329852,24095389.6,0.0548,0.675,10.342,1.5966,1523467199.88,N/A,2099358720,145925977,0,201088000,100.3355,4.1242,1.3563,26.4399,
002015.SZ,霞客环保,2011-01-19,8.1704,8.1626,8.5148,7.9826,8.413,4925334,52044032.2,0.2426,2.9693,10.5666,3.3752,1568704252.75,N/A,2161696000,145925977,0,201088000,103.3148,4.2467,1.3965,27.225,
002015.SZ,霞客环保,2011-01-20,8.413,8.3426,8.413,7.9826,8.0139,3467447,36362710.4,-0.3991,-4.7442,10.4869,2.3762,1494282004.48,N/A,2059141120,145925977,0,201088000,98.4134,4.0452,1.3303,25.9334,
002015.SZ,霞客环保,2011-01-21,8.0139,7.9122,8.2252,7.8965,8.0922,2733372,28128293.1,0.0783,0.9766,10.2907,1.8731,1508874602.18,N/A,2079249920,145925977,0,201088000,99.3745,4.0847,1.3433,26.1866,
002015.SZ,霞客环保,2011-01-24,8.0922,8.0765,8.2722,8.0061,8.1156,2545565,26514380.5,0.0235,0.2901,10.4159,1.7444,1513252381.49,N/A,2085282560,145925977,0,201088000,99.6628,4.0966,1.3472,26.2626,
002015.SZ,霞客环保,2011-01-25,8.1156,8.0687,8.1391,7.6774,7.7635,3576976,35725713.2,-0.3522,-4.3394,9.9877,2.4512,1447585691.84,N/A,1994792960,145925977,0,201088000,95.338,3.9188,1.2887,25.123,
002015.SZ,霞客环保,2011-01-26,7.7635,7.7869,7.9669,7.7869,7.92,1763761,17803344.6,0.1565,2.0161,10.094,1.2087,1476770887.24,N/A,2035010560,145925977,0,201088000,97.2601,3.9978,1.3147,25.6295,
002015.SZ,霞客环保,2011-01-27,7.92,7.8652,8.2956,7.7869,8.233,5083086,52617203.8,0.313,3.9526,10.3514,3.4833,1535141278.04,N/A,2115445760,145925977,0,201088000,101.1044,4.1558,1.3667,26.6425,
002015.SZ,霞客环保,2011-01-28,8.233,8.1861,8.3895,8.1469,8.2722,3354205,35541224.8,0.0391,0.4753,10.596,2.2986,1542437576.89,N/A,2125500160,145925977,0,201088000,101.5849,4.1756,1.3732,26.7691,
002015.SZ,霞客环保,2011-01-31,8.2722,8.2095,8.7495,8.2095,8.7495,5956293,65467472,0.4774,5.7711,10.9913,4.0817,1631452422.86,N/A,2248163840,145925977,0,201088000,107.4474,4.4166,1.4524,28.314,
002015.SZ,霞客环保,2011-02-01,8.7495,8.6635,8.7652,8.5382,8.6087,3231418,35702013.6,-0.1409,-1.61,11.0484,2.2144,1605185747,N/A,2211968000,145925977,0,201088000,105.7175,4.3455,1.429,27.8581,
002015.SZ,霞客环保,2011-02-09,8.6087,8.593,8.6791,8.4365,8.6087,3141574,34415565.2,0,0,10.9549,2.1529,1605185747,N/A,2211968000,145925977,0,201088000,105.7175,4.3455,1.429,27.8581,
002015.SZ,霞客环保,2011-02-10,8.6087,8.6165,8.8669,8.5382,8.8669,3787619,42199963.9,0.2583,3,11.1416,2.5956,1653341319.41,N/A,2278327040,145925977,0,201088000,108.889,4.4758,1.4719,28.6939,
002015.SZ,霞客环保,2011-02-11,8.8669,8.8043,9.2817,8.773,9.18,7425538,86392729,0.313,3.5305,11.6345,5.0886,1711711710.21,N/A,2358762240,145925977,0,201088000,112.7333,4.6338,1.5239,29.7069,
002015.SZ,霞客环保,2011-02-14,9.18,9.2113,9.2895,9.0235,9.2582,6779872,79463685.7,0.0783,0.8525,11.7205,4.6461,1726304307.91,N/A,2378871040,145925977,0,201088000,113.6944,4.6734,1.5369,29.9601,
002015.SZ,霞客环保,2011-02-15,9.2582,9.3835,9.6182,9.2582,9.2817,9578284,115535351.1,0.0235,0.2536,12.0622,6.5638,1730682087.22,N/A,2384903680,145925977,0,201088000,113.9827,4.6852,1.5408,30.0361,
002015.SZ,霞客环保,2011-02-16,9.2817,9.1721,9.7748,9.1252,9.7669,11455833,140106746.4,0.4852,5.2277,12.2302,7.8504,1821156192.96,N/A,2509578240,145925977,0,201088000,119.9413,4.9301,1.6213,31.6063,
002015.SZ,霞客环保,2011-02-17,9.7669,9.7591,9.8608,9.5713,9.853,7233936,89750408.4,0.0861,0.8814,12.4069,4.9573,1837208050.43,N/A,2531697920,145925977,0,201088000,120.9985,4.9736,1.6356,31.8849,
002015.SZ,霞客环保,2011-02-18,9.853,9.7826,9.7826,9.4695,9.5321,9677920,118232882.4,-0.3209,-3.2566,12.2168,6.6321,1777378399.86,N/A,2449251840,145925977,0,201088000,117.0581,4.8116,1.5823,30.8465,
002015.SZ,霞客环保,2011-02-21,9.5321,9.4069,9.6261,9.3443,9.6026,7282987,88254596,0.0704,0.7389,12.1179,4.9909,1790511737.79,N/A,2467349760,145925977,0,201088000,117.9231,4.8472,1.594,31.0745,
002015.SZ,霞客环保,2011-02-22,9.6026,9.6574,9.7435,9.1956,9.2974,8541072,103343631.1,-0.3052,-3.1785,12.0996,5.853,1733600606.76,N/A,2388925440,145925977,0,201088000,114.1749,4.6931,1.5433,30.0868,
002015.SZ,霞客环保,2011-02-23,9.2974,9.2974,9.2974,9.2974,9.2974,N/A,N/A,0,0,N/A,N/A,1733600606.76,N/A,2388925440,145925977,0,201088000,114.1749,4.6931,1.5433,30.0868,
002015.SZ,霞客环保,2011-02-24,9.2974,9.2974,9.2974,9.2974,9.2974,N/A,N/A,0,0,N/A,N/A,1733600606.76,N/A,2388925440,145925977,0,201088000,114.1749,4.6931,1.5433,30.0868,
002015.SZ,霞客环保,2011-02-25,9.2974,9.2974,9.2974,9.2974,9.2974,N/A,N/A,0,0,N/A,N/A,1733600606.76,N/A,2388925440,145925977,0,201088000,114.1749,4.6931,1.5433,30.0868,
002015.SZ,霞客环保,2011-02-28,9.2974,9.2974,9.2974,9.2974,9.2974,N/A,N/A,0,0,N/A,N/A,1733600606.76,N/A,2388925440,145925977,0,201088000,114.1749,4.6931,1.5433,30.0868,
002015.SZ,霞客环保,2011-03-01,9.2974,9.2974,9.2974,9.2974,9.2974,N/A,N/A,0,0,N/A,N/A,1733600606.76,N/A,2388925440,145925977,0,201088000,114.1749,4.6931,1.5433,30.0868,
002015.SZ,霞客环保,2011-03-02,9.2974,9.2974,9.2974,9.2974,9.2974,N/A,N/A,0,0,N/A,N/A,1733600606.76,N/A,2388925440,145925977,0,201088000,114.1749,4.6931,1.5433,30.0868,
002015.SZ,霞客环保,2011-03-03,9.2974,9.5019,9.6894,9.144,9.2803,7324244,81428685.2,-0.017,-0.1833,11.1177,4.2154,1892115534.87,N/A,2612972844.9,173747983,0,239942410,124.8829,5.1333,1.6881,32.9085,
002015.SZ,霞客环保,2011-03-04,9.2803,9.161,9.5104,9.1269,9.5104,4923563,54104123.3,0.2301,2.4793,10.9888,2.8337,1939027490.28,N/A,2677757295.6,173747983,0,239942410,127.9792,5.2605,1.7299,33.7244,
002015.SZ,霞客环保,2011-03-07,9.5104,9.4593,9.6212,9.4337,9.4593,6316737,70466394.9,-0.0511,-0.5376,11.1555,3.6356,1928602611.3,N/A,2663360751,173747983,0,239942410,127.2911,5.2322,1.7206,33.5431,
002015.SZ,霞客环保,2011-03-08,9.4593,9.4678,9.5445,9.34,9.4422,5511248,60834912.4,-0.017,-0.1802,11.0383,3.172,1925127651.64,N/A,2658561902.8,173747983,0,239942410,127.0618,5.2228,1.7175,33.4826,
002015.SZ,霞客环保,2011-03-09,9.4422,9.4422,9.6723,9.2718,9.6042,10464473,116676766.4,0.1619,1.7148,11.1498,6.0228,1958139768.41,N/A,2704150960.7,173747983,0,239942410,129.2406,5.3124,1.747,34.0568,
002015.SZ,霞客环保,2011-03-10,9.6042,9.5104,9.5445,9.357,9.4252,6283647,69531898.5,-0.179,-1.8634,11.0655,3.6165,1921652691.98,N/A,2653763054.6,173747983,0,239942410,126.8324,5.2134,1.7144,33.4222,
002015.SZ,霞客环保,2011-03-11,9.4252,9.3741,10.3711,9.34,9.9962,20207414,232488266.2,0.571,6.0579,11.5051,11.6303,2038063840.59,N/A,2814524469.3,173747983,0,239942410,134.5158,5.5292,1.8183,35.4469,
002015.SZ,霞客环保,2011-03-14,9.9962,9.945,10.516,9.8257,10.3456,27260646,328266654.3,0.3494,3.4953,12.0418,15.6898,2109300513.62,N/A,2912900857.4,173747983,0,239942410,139.2175,5.7225,1.8819,36.6858,
002015.SZ,霞客环保,2011-03-15,10.3456,10.3456,10.3711,9.8257,10.2603,16344089,193913656.6,-0.0852,-0.8237,11.8645,9.4068,2091925715.32,N/A,2888906616.4,173747983,0,239942410,138.0707,5.6753,1.8664,36.3837,
002015.SZ,霞客环保,2011-03-16,10.2603,10.1836,10.6183,10.1836,10.3541,16764581,204872179.8,0.0937,0.9136,12.2205,9.6488,2111037993.45,N/A,2915300281.5,173747983,0,239942410,139.3322,5.7272,1.8834,36.7161,
002015.SZ,霞客环保,2011-03-17,10.3541,10.3115,10.3285,9.8172,9.9024,11385902,134524327.3,-0.4517,-4.3621,11.815,6.5531,2018951562.46,N/A,2788130804.2,173747983,0,239942410,133.2543,5.4774,1.8013,35.1145,
002015.SZ,霞客环保,2011-03-18,9.9024,9.9536,10.0984,9.8428,9.928,5938325,69425330.8,0.0256,0.2582,11.6911,3.4178,2024164001.95,N/A,2795329076.5,173747983,0,239942410,133.5983,5.4915,1.8059,35.2051,
002015.SZ,霞客环保,2011-03-21,9.928,9.8598,9.9706,9.5871,9.6382,6201448,70569196,-0.2897,-2.9185,11.3795,3.5692,1965089687.73,N/A,2713748657.1,173747983,0,239942410,129.6993,5.3312,1.7532,34.1777,
002015.SZ,霞客环保,2011-03-22,9.6382,9.6468,9.7575,9.4593,9.6809,4679197,52733957.6,0.0426,0.4421,11.2699,2.6931,1973777086.88,N/A,2725745777.6,173747983,0,239942410,130.2727,5.3548,1.761,34.3288,
002015.SZ,霞客环保,2011-03-23,9.6809,9.732,9.7831,9.5871,9.7661,4894013,55572547.9,0.0852,0.8803,11.3552,2.8167,1991151885.18,N/A,2749740018.6,173747983,0,239942410,131.4195,5.4019,1.7765,34.631,
002015.SZ,霞客环保,2011-03-24,9.7661,9.7661,10.0899,9.7149,9.9876,9808216,115118973.4,0.2216,2.2688,11.737,5.6451,2036326360.76,N/A,2812125045.2,173747983,0,239942410,134.4011,5.5245,1.8168,35.4166,
002015.SZ,霞客环保,2011-03-25,9.9876,9.9706,10.3115,9.945,10.141,10623719,126888042.1,0.1534,1.5358,11.9438,6.1144,2067600997.7,N/A,2855314679,173747983,0,239942410,136.4653,5.6093,1.8447,35.9606,
002015.SZ,霞客环保,2011-03-28,10.141,10.1836,10.4137,10.0558,10.1155,10199952,122291247.4,-0.0256,-0.2521,11.9894,5.8705,2062388558.21,N/A,2848116406.7,173747983,0,239942410,136.1212,5.5952,1.84,35.8699,
002015.SZ,霞客环保,2011-03-29,10.1155,10.0558,10.0558,9.6809,9.6809,8877507,102480997.8,-0.4346,-4.2965,11.5439,5.1094,1973777086.88,N/A,2725745777.6,173747983,0,239942410,130.2727,5.3548,1.761,34.3288,
002015.SZ,霞客环保,2011-03-30,9.6809,9.6127,10.1922,9.5019,10.0473,9883378,113532284.1,0.3664,3.7852,11.4872,5.6883,2048488719.57,N/A,2828921013.9,173747983,0,239942410,135.2038,5.5575,1.8276,35.6282,
002015.SZ,霞客环保,2011-03-31,10.0473,9.9536,10.2092,9.8002,9.8257,7014638,82078453.8,-0.2216,-2.2053,11.701,4.0372,2003314243.99,N/A,2766535987.3,173747983,0,239942410,132.2222,5.4349,1.7873,34.8425,
002015.SZ,霞客环保,2011-04-01,9.8257,9.6297,9.8428,9.6297,9.8428,3670881,42136774.3,0.017,0.1735,11.4787,2.1128,2006789203.65,N/A,2771334835.5,173747983,0,239942410,132.4516,5.4444,1.7904,34.9029,
002015.SZ,霞客环保,2011-04-06,9.8428,9.8002,10.124,9.6979,10.1069,8660601,101129912.1,0.2642,2.684,11.677,4.9846,2060651078.38,N/A,2845716982.6,173747983,0,239942410,136.0065,5.5905,1.8385,35.8397,
002015.SZ,霞客环保,2011-04-07,10.1069,10.1069,10.2689,9.9962,10.2263,10726055,127978752.4,0.1193,1.1804,11.9316,6.1733,2084975796,N/A,2879308920,173747983,0,239942410,137.612,5.6565,1.8602,36.2628,
002015.SZ,霞客环保,2011-04-08,10.2263,10.2433,10.337,10.0643,10.2433,10098890,120764403.5,0.017,0.1667,11.9582,5.8124,2088450755.66,N/A,2884107768.2,173747983,0,239942410,137.8414,5.6659,1.8633,36.3232,
002015.SZ,霞客环保,2011-04-11,10.2433,10.2689,10.6183,10.2263,10.4223,19127353,235357285.4,0.179,1.7471,12.3047,11.0087,2124937832.09,N/A,2934495674.3,173747983,0,239942410,140.2496,5.7649,1.8958,36.9578,
002015.SZ,霞客环保,2011-04-12,10.4223,10.3285,10.4137,10.0729,10.141,9831337,118155200.9,-0.2812,-2.6983,12.0182,5.6584,2067600997.7,N/A,2855314679,173747983,0,239942410,136.4653,5.6093,1.8447,35.9606,
002015.SZ,霞客环保,2011-04-13,10.141,10.124,11.0784,10.0558,10.8569,21749592,270783224.7,0.7158,7.0588,12.45,12.5179,2213549303.42,N/A,3056866303.4,173747983,0,239942410,146.0981,6.0053,1.9749,38.499,
002015.SZ,霞客环保,2011-04-14,10.8569,10.7205,10.9762,10.6268,10.6523,20014383,253410530.6,-0.2045,-1.8838,12.6614,11.5192,2171849787.5,N/A,2999280125,173747983,0,239942410,143.3459,5.8922,1.9377,37.7737,
002015.SZ,霞客环保,2011-04-15,10.6523,10.5501,10.7205,10.3711,10.6353,9251293,114481276.9,-0.017,-0.16,12.3746,4.5388,2543748554.88,N/A,2994481276.8,203826006,0,239942410,143.1165,5.8827,1.9346,37.7133,
002015.SZ,霞客环保,2011-04-18,10.6353,10.6097,11.0273,10.5671,10.7972,13640928,172886484.7,0.1619,1.5224,12.6741,6.6924,2582475496.02,N/A,3040070334.7,203826006,0,239942410,145.2954,5.9723,1.964,38.2875,
002015.SZ,霞客环保,2011-04-19,10.7972,10.7887,10.7887,10.4649,10.5501,9894564,122792522.2,-0.2471,-2.2889,12.4101,4.8544,2523365954.28,N/A,2970487035.8,203826006,0,239942410,141.9697,5.8356,1.9191,37.4111,
002015.SZ,霞客环保,2011-04-20,10.5501,10.5501,10.5501,10.5501,10.5501,N/A,N/A,0,0,N/A,N/A,2523365954.28,N/A,2970487035.8,203826006,0,239942410,141.9697,5.8356,1.9191,37.4111,
002015.SZ,霞客环保,2011-04-21,10.5501,10.5501,10.6353,9.9706,10.0984,13142680,157229120.2,-0.4517,-4.2811,11.9632,6.448,2415338171.1,N/A,2843317558.5,203826006,0,239942410,135.8919,5.5858,1.8369,35.8095,
002015.SZ,霞客环保,2011-04-22,10.0984,10.0558,10.0643,9.8002,9.8257,8733332,101340833.8,-0.2727,-2.7004,11.6039,4.2847,2350113849.18,N/A,2766535987.3,203826006,0,239942410,132.2222,5.4349,1.7873,34.8425,
002015.SZ,霞客环保,2011-04-25,9.8257,9.8939,9.9791,9.8002,9.8257,4866784,56473827.3,0,0,11.6039,2.3877,2350113849.18,N/A,2766535987.3,203826006,0,239942410,132.2222,5.4349,1.7873,34.8425,
002015.SZ,霞客环保,2011-04-26,9.8257,9.8342,9.9365,9.3911,9.5189,6577273,73792479.5,-0.3068,-3.1223,11.2193,3.2269,2276736487.02,N/A,2680156719.7,203826006,0,239942410,128.0939,5.2652,1.7315,33.7546,
002015.SZ,霞客环保,2011-04-27,9.5189,9.5701,9.6468,9.1014,9.2462,5089049,56077815.1,-0.2727,-2.8648,11.0193,2.4968,2211512165.1,N/A,2603375148.5,203826006,0,239942410,124.4242,5.1144,1.6819,32.7876,
002015.SZ,霞客环保,2011-04-28,9.2462,9.2633,9.3911,8.7179,8.8116,4922586,52025156.1,-0.4346,-4.7005,10.5687,2.4151,2107560902.04,N/A,2481004519.4,203826006,0,239942410,118.5757,4.874,1.6028,31.2464,
002015.SZ,霞客环保,2011-04-29,8.8116,8.8116,8.8116,8.8116,8.8116,N/A,N/A,0,0,N/A,N/A,2107560902.04,N/A,2481004519.4,203826006,0,239942410,118.5757,4.874,1.6028,31.2464,
002015.SZ,霞客环保,2011-05-03,8.8116,8.948,9.1866,8.8713,9.1695,4161938,44178572.6,0.3579,4.0619,10.6149,2.0419,2193167824.56,N/A,2581780331.6,203826006,0,239942410,123.3921,5.072,1.6679,32.5156,
002015.SZ,霞客环保,2011-05-04,9.1695,9.1695,9.3229,8.8798,9.1355,4470838,47706399.7,-0.0341,-0.3717,10.6706,2.1935,2185014784.32,N/A,2572182635.2,203826006,0,239942410,122.9334,5.0531,1.6617,32.3948,
002015.SZ,霞客环保,2011-05-05,9.1355,9.0588,9.3144,8.9565,9.144,2583633,27798769.8,0.0085,0.0933,10.7596,1.2676,2187053044.38,N/A,2574582059.3,203826006,0,239942410,123.0481,5.0578,1.6633,32.425,
002015.SZ,霞客环保,2011-05-06,9.144,9.0417,9.2292,8.9565,9.1781,2428003,25968445.4,0.0341,0.3728,10.6954,1.1912,2195206084.62,N/A,2584179755.7,203826006,0,239942410,123.5068,5.0767,1.6695,32.5458,
002015.SZ,霞客环保,2011-05-09,9.1781,9.1866,9.2888,9.1014,9.2292,2998411,32349879,0.0511,0.5571,10.789,1.4711,2207435644.98,N/A,2598576300.3,203826006,0,239942410,124.1948,5.105,1.6788,32.7272,
002015.SZ,霞客环保,2011-05-10,9.2292,9.2292,9.2718,9.0332,9.2377,3589485,38499829.9,0.0085,0.0923,10.7257,1.7611,2209473905.04,N/A,2600975724.4,203826006,0,239942410,124.3095,5.1097,1.6803,32.7574,
002015.SZ,霞客环保,2011-05-11,9.2377,9.1951,9.2462,9.0417,9.1099,3866415,41393900.9,-0.1278,-1.3838,10.706,1.8969,2178900004.14,N/A,2564984362.9,203826006,0,239942410,122.5894,5.039,1.6571,32.3041,
002015.SZ,霞客环保,2011-05-12,9.1099,9.0332,9.0588,8.7434,8.752,4192918,43954686.3,-0.3579,-3.9289,10.4831,2.0571,2093293081.62,N/A,2464208550.7,203826006,0,239942410,117.773,4.841,1.592,31.0349,
002015.SZ,霞客环保,2011-05-13,8.752,8.7775,8.8968,8.7179,8.8628,3395137,35086768.7,0.1108,1.2658,10.3344,1.6657,2119790462.4,N/A,2495401064,203826006,0,239942410,119.2638,4.9023,1.6121,31.4277,
002015.SZ,霞客环保,2011-05-16,8.8628,8.8457,9.0332,8.8201,8.8883,2917696,30600660.6,0.0256,0.2885,10.488,1.4315,2125905242.58,N/A,2502599336.3,203826006,0,239942410,119.6078,4.9164,1.6168,31.5184,
002015.SZ,霞客环保,2011-05-17,8.8883,8.948,9.0161,8.8201,8.965,3139600,32929415.3,0.0767,0.8629,10.4884,1.5403,2144249583.12,N/A,2524194153.2,203826006,0,239942410,120.6399,4.9588,1.6307,31.7904,
002015.SZ,霞客环保,2011-05-18,8.965,8.9565,8.9991,8.8968,8.948,2022113,21240985.2,-0.017,-0.1901,10.5044,0.9921,2140173063,N/A,2519395305,203826006,0,239942410,120.4105,4.9494,1.6276,31.7299,
002015.SZ,霞客环保,2011-05-19,8.948,8.9906,9.161,8.9054,9.161,5996756,63912424.5,0.213,2.381,10.6578,2.9421,2191129564.5,N/A,2579380907.5,203826006,0,239942410,123.2774,5.0673,1.6664,32.4854,
002015.SZ,霞客环保,2011-05-20,9.161,9.2036,9.6127,9.1269,9.5615,10088343,111016875,0.4005,4.3721,11.0045,4.9495,2286927787.32,N/A,2692153840.2,203826006,0,239942410,128.6672,5.2888,1.7392,33.9057,
002015.SZ,霞客环保,2011-05-23,9.5615,9.6894,9.7916,9.2292,9.5275,12893848,144264387.8,-0.0341,-0.3565,11.1886,6.3259,2278774747.08,N/A,2682556143.8,203826006,0,239942410,128.2085,5.2699,1.733,33.7848,
002015.SZ,霞客环保,2011-05-24,9.5275,9.6297,10.0388,9.3826,9.8513,17436670,198881538.1,0.3238,3.3989,11.4059,8.5547,2356228629.36,N/A,2773734259.6,203826006,0,239942410,132.5662,5.4491,1.792,34.9331,
002015.SZ,霞客环保,2011-05-25,9.8513,9.8769,10.0899,9.6297,9.7661,15040400,173395857.6,-0.0852,-0.8651,11.5287,7.379,2335846028.76,N/A,2749740018.6,203826006,0,239942410,131.4195,5.4019,1.7765,34.631,
002015.SZ,霞客环保,2011-05-26,9.7661,9.8854,9.9962,9.3996,9.7746,14800298,168612053.3,0.0085,0.0873,11.3925,7.2612,2337884288.82,N/A,2752139442.7,203826006,0,239942410,131.5342,5.4066,1.778,34.6612,
002015.SZ,霞客环保,2011-05-27,9.7746,9.8598,9.928,9.3741,9.7661,19651760,224692303.4,-0.0085,-0.0872,11.4337,9.6414,2335846028.76,N/A,2749740018.6,203826006,0,239942410,131.4195,5.4019,1.7765,34.631,
002015.SZ,霞客环保,2011-05-30,9.7661,9.8854,10.1666,9.6297,9.7831,24646288,285142478.9,0.017,0.1745,11.5694,12.0918,2339922548.88,N/A,2754538866.8,203826006,0,239942410,131.6488,5.4114,1.7796,34.6914,
002015.SZ,霞客环保,2011-05-31,9.7831,9.6297,9.6297,8.8031,8.8542,20280710,211960568.1,-0.9289,-9.4948,10.4513,9.95,2117752202.34,N/A,2493001639.9,203826006,0,239942410,119.1491,4.8976,1.6106,31.3975,
002015.SZ,霞客环保,2011-06-01,8.8542,8.6071,8.7349,8.4367,8.7264,10775708,108844246.2,-0.1278,-1.4437,10.1009,5.2867,2087178301.44,N/A,2457010278.4,203826006,0,239942410,117.4289,4.8269,1.5873,30.9442,
002015.SZ,霞客环保,2011-06-02,8.7264,8.6412,8.6412,8.0787,8.2662,9948837,97323363.8,-0.4602,-5.2734,9.7824,4.881,1977112258.2,N/A,2327441377,203826006,0,239942410,111.2364,4.5723,1.5036,29.3124,
002015.SZ,霞客环保,2011-06-03,8.2662,8.2407,8.377,8.181,8.2918,5218003,50877849.8,0.0256,0.3093,9.7504,2.56,1983227038.38,N/A,2334639649.3,203826006,0,239942410,111.5804,4.5865,1.5083,29.4031,
002015.SZ,霞客环保,2011-06-07,8.2918,8.2321,8.4281,8.198,8.3429,4281626,41877205.8,0.0511,0.6166,9.7807,2.1006,1995456598.74,N/A,2349036193.9,203826006,0,239942410,112.2685,4.6147,1.5176,29.5844,
002015.SZ,霞客环保,2011-06-08,8.3429,8.3514,8.3685,8.2236,8.36,4223580,41175554.5,0.017,0.2043,9.749,2.0721,1999533118.86,N/A,2353835042.1,203826006,0,239942410,112.4978,4.6242,1.5207,29.6448,
002015.SZ,霞客环保,2011-06-09,8.36,8.36,8.752,8.3088,8.4281,8105854,81346531.1,0.0682,0.8155,10.0355,3.9768,2015839199.34,N/A,2373030434.9,203826006,0,239942410,113.4152,4.6619,1.5331,29.8866,
002015.SZ,霞客环保,2011-06-10,8.4281,8.3514,8.4622,8.0787,8.3344,4380538,42405292.1,-0.0937,-1.1122,9.6804,2.1492,1993418338.68,N/A,2346636769.8,203826006,0,239942410,112.1538,4.61,1.516,29.5542,
002015.SZ,霞客环保,2011-06-13,8.3344,8.198,8.2151,8.0106,8.1213,4454929,42372665.3,-0.213,-2.5562,9.5114,2.1857,1942461837.18,N/A,2286651167.3,203826006,0,239942410,109.2869,4.4922,1.4773,28.7987,
002015.SZ,霞客环保,2011-06-14,8.1213,8.164,8.3685,8.0873,8.2492,4657537,45033258.8,0.1278,1.574,9.6689,2.2851,1973035738.08,N/A,2322642528.8,203826006,0,239942410,111.007,4.5629,1.5005,29.252,
002015.SZ,霞客环保,2011-06-15,8.2492,8.2321,8.3174,8.1384,8.1725,2947532,28463802.9,-0.0767,-0.9298,9.6568,1.4461,1954691397.54,N/A,2301047711.9,203826006,0,239942410,109.9749,4.5205,1.4866,28.98,
002015.SZ,霞客环保,2011-06-16,8.1725,8.1383,8.1383,7.6943,7.737,4330336,40139381.9,-0.4355,-5.3291,9.2693,2.1245,1846663614.36,N/A,2173878234.6,203826006,0,239942410,103.8971,4.2706,1.4044,27.3784,
002015.SZ,霞客环保,2011-06-17,7.737,7.754,7.8565,7.6943,7.7028,2673649,24267001.6,-0.0342,-0.4415,9.0764,1.3117,1838510574.12,N/A,2164280538.2,203826006,0,239942410,103.4384,4.2518,1.3982,27.2575,
002015.SZ,霞客环保,2011-06-20,7.7028,7.643,7.6601,7.2587,7.3441,3457770,30116008.1,-0.3587,-4.6563,8.7097,1.6964,1752903651.6,N/A,2063504726,203826006,0,239942410,98.6219,4.0538,1.3331,25.9883,
002015.SZ,霞客环保,2011-06-21,7.3441,7.3612,7.4551,7.3185,7.421,2214328,19153053.4,0.0769,1.0465,8.6496,1.0864,1771247992.14,N/A,2085099542.9,203826006,0,239942410,99.654,4.0962,1.3471,26.2603,
002015.SZ,霞客环保,2011-06-22,7.421,7.4893,7.4978,7.3271,7.3697,1975348,17097724.2,-0.0512,-0.6904,8.6556,0.9691,1759018431.78,N/A,2070702998.3,203826006,0,239942410,98.966,4.0679,1.3378,26.079,
002015.SZ,霞客环保,2011-06-23,7.3697,7.3527,7.5491,7.2246,7.4978,4063044,35327977.3,0.1281,1.7381,8.695,1.9934,1789592332.68,N/A,2106694359.8,203826006,0,239942410,100.6861,4.1387,1.361,26.5323,
002015.SZ,霞客环保,2011-06-24,7.4978,7.4978,7.4978,7.4978,7.4978,N/A,N/A,0,0,N/A,N/A,1789592332.68,N/A,2106694359.8,203826006,0,239942410,100.6861,4.1387,1.361,26.5323,
002015.SZ,霞客环保,2011-06-27,7.4978,7.7626,8.2493,7.6943,8.2493,7841515,74304837.9,0.7515,10.0228,9.4758,3.8472,1968959217.96,N/A,2317843680.6,203826006,0,239942410,110.7777,4.5535,1.4974,29.1915,
002015.SZ,霞客环保,2011-06-28,8.2493,8.5141,8.5141,8.2066,8.3262,11644644,113653962.5,0.0769,0.9317,9.7602,5.713,1987303558.5,N/A,2339438497.5,203826006,0,239942410,111.8098,4.5959,1.5114,29.4635,
002015.SZ,霞客环保,2011-06-29,8.3262,8.2408,8.3006,8.0529,8.0615,5828798,55617741.7,-0.2647,-3.1795,9.5419,2.8597,1924117496.64,N/A,2265056350.4,203826006,0,239942410,108.2548,4.4498,1.4633,28.5267,
002015.SZ,霞客环保,2011-06-30,8.0615,8.0615,8.2152,8.0529,8.1127,4457548,42447716.3,0.0512,0.6356,9.5227,2.469,1715115645.5,N/A,2279452895,180538489,0,239942410,108.9429,4.478,1.4726,28.708,
002015.SZ,霞客环保,2011-07-01,8.1127,8.1639,8.1639,7.9419,8.07,4012894,37934774.7,-0.0427,-0.5263,9.4532,2.2227,1706088721.05,N/A,2267455774.5,180538489,0,239942410,108.3695,4.4545,1.4649,28.5569,
002015.SZ,霞客环保,2011-07-04,8.07,8.1127,8.292,8.0615,8.2664,6187126,59615072.1,0.1964,2.4339,9.6353,3.427,1747612573.52,N/A,2322642528.8,180538489,0,239942410,111.007,4.5629,1.5005,29.252,
002015.SZ,霞客环保,2011-07-05,8.2664,8.2835,8.4116,8.2066,8.3091,5332734,51872112.5,0.0427,0.5165,9.7271,2.9538,1756639497.97,N/A,2334639649.3,180538489,0,239942410,111.5804,4.5865,1.5083,29.4031,
002015.SZ,霞客环保,2011-07-06,8.3091,8.2835,8.292,8.1639,8.2579,3718335,35793505.9,-0.0512,-0.6166,9.6262,2.0596,1745807188.63,N/A,2320243104.7,180538489,0,239942410,110.8924,4.5582,1.499,29.2218,
002015.SZ,霞客环保,2011-07-07,8.2579,8.2579,8.4031,8.1725,8.2579,5759427,55918718.4,0,0,9.7091,3.1901,1745807188.63,N/A,2320243104.7,180538489,0,239942410,110.8924,4.5582,1.499,29.2218,
002015.SZ,霞客环保,2011-07-08,8.2579,8.2664,8.5226,8.2579,8.4372,7952036,78382922.7,0.1793,2.1717,9.857,4.4046,1783720271.32,N/A,2370631010.8,180538489,0,239942410,113.3006,4.6572,1.5315,29.8564,
002015.SZ,霞客环保,2011-07-11,8.4372,8.3433,8.5055,8.3262,8.4884,4956453,48879525.7,0.0512,0.6073,9.8618,2.7454,1794552580.66,N/A,2385027555.4,180538489,0,239942410,113.9886,4.6854,1.5408,30.0377,
002015.SZ,霞客环保,2011-07-12,8.4884,8.4031,8.4201,8.1298,8.2237,5403787,52303711.8,-0.2647,-3.1187,9.6791,2.9931,1738585649.07,N/A,2310645408.3,180538489,0,239942410,110.4336,4.5393,1.4928,29.1009,
002015.SZ,霞客环保,2011-07-13,8.2237,8.1981,8.3433,8.1981,8.3262,4361426,42290677.7,0.1025,1.2461,9.6965,2.4158,1760250267.75,N/A,2339438497.5,180538489,0,239942410,111.8098,4.5959,1.5114,29.4635,
002015.SZ,霞客环保,2011-07-14,8.3262,8.3262,8.497,8.2664,8.4714,5208634,51116403.7,0.1452,1.7436,9.8138,2.8851,1790941810.88,N/A,2380228707.2,180538489,0,239942410,113.7593,4.676,1.5377,29.9772,
002015.SZ,霞客环保,2011-07-15,8.4714,8.4799,8.497,8.3518,8.4543,4510826,44529714.2,-0.0171,-0.2016,9.8717,2.4985,1787331041.1,N/A,2375429859,180538489,0,239942410,113.5299,4.6666,1.5346,29.9168,
002015.SZ,霞客环保,2011-07-18,8.4543,8.4543,8.6336,8.3945,8.4884,5917426,59081317.6,0.0342,0.404,9.9843,3.2777,1794552580.66,N/A,2385027555.4,180538489,0,239942410,113.9886,4.6854,1.5408,30.0377,
002015.SZ,霞客环保,2011-07-19,8.4884,8.3945,8.4201,8.2237,8.275,4422476,42975850.8,-0.2135,-2.5151,9.7176,2.4496,1749417958.41,N/A,2325041952.9,180538489,0,239942410,111.1217,4.5676,1.5021,29.2822,
002015.SZ,霞客环保,2011-07-20,8.275,8.4714,9.0606,8.4714,8.6336,18514719,190131005.6,0.3587,4.3344,10.2692,10.2553,1825244123.79,N/A,2425817765.1,180538489,0,239942410,115.9381,4.7656,1.5672,30.5514,
002015.SZ,霞客环保,2011-07-21,8.6336,8.5397,8.7276,8.3945,8.4201,8280555,83309295.3,-0.2135,-2.4728,10.0608,4.5866,1780109501.54,N/A,2365832162.6,180538489,0,239942410,113.0712,4.6477,1.5284,29.7959,
002015.SZ,霞客环保,2011-07-22,8.4201,8.4372,8.6336,8.3518,8.5568,6690192,66625007.6,0.1366,1.6227,9.9586,3.7057,1808995659.78,N/A,2404222948.2,180538489,0,239942410,114.906,4.7232,1.5532,30.2794,
002015.SZ,霞客环保,2011-07-25,8.5568,8.608,8.6763,8.1298,8.1725,6911963,68260503.4,-0.3843,-4.491,9.8757,3.8285,1727753339.73,N/A,2296248863.7,180538489,0,239942410,109.7456,4.511,1.4835,28.9196,
002015.SZ,霞客环保,2011-07-26,8.1725,8.1212,8.2408,7.754,8.1127,4633089,43596285.6,-0.0598,-0.7315,9.4098,2.5663,1715115645.5,N/A,2279452895,180538489,0,239942410,108.9429,4.478,1.4726,28.708,
002015.SZ,霞客环保,2011-07-27,8.1127,8.07,8.5397,7.9675,8.386,6939683,67629838.8,0.2733,3.3684,9.7454,3.8439,1772887961.98,N/A,2356234466.2,180538489,0,239942410,112.6125,4.6289,1.5222,29.675,
002015.SZ,霞客环保,2011-07-28,8.386,8.2835,8.5824,8.181,8.4628,6173534,60951350.7,0.0769,0.9165,9.873,3.4195,1789136425.99,N/A,2377829283.1,180538489,0,239942410,113.6446,4.6713,1.5362,29.947,
002015.SZ,霞客环保,2011-07-29,8.4628,8.4628,8.6678,8.4201,8.4799,8326088,83330254.7,0.0171,0.2018,10.0083,4.6118,1792747195.77,N/A,2382628131.3,180538489,0,239942410,113.8739,4.6807,1.5393,30.0075,
002015.SZ,霞客环保,2011-08-01,8.4799,8.6934,8.6934,8.4457,8.5482,5054234,50555318.3,0.0683,0.8056,10.0026,2.7995,1807190274.89,N/A,2401823524.1,180538489,0,239942410,114.7914,4.7184,1.5517,30.2492,
002015.SZ,霞客环保,2011-08-02,8.5482,8.4372,8.6422,8.275,8.5226,5605347,55481440.9,-0.0256,-0.2997,9.8979,3.1048,1801774120.22,N/A,2394625251.8,180538489,0,239942410,114.4473,4.7043,1.547,30.1585,
002015.SZ,霞客环保,2011-08-03,8.5226,8.4372,8.6251,8.3177,8.5824,5825734,58179877.9,0.0598,0.7014,9.9867,3.2269,1814411814.45,N/A,2411421220.5,180538489,0,239942410,115.2501,4.7373,1.5579,30.3701,
002015.SZ,霞客环保,2011-08-04,8.5824,8.608,8.7959,8.5824,8.7361,8018269,81572560.8,0.1537,1.791,10.1733,4.4413,1846908742.47,N/A,2454610854.3,180538489,0,239942410,117.3142,4.8221,1.5858,30.914,
002015.SZ,霞客环保,2011-08-05,8.7361,8.4543,8.6251,8.3347,8.4543,5668565,56585941.1,-0.2818,-3.2258,9.9824,3.1398,1787331041.1,N/A,2375429859,180538489,0,239942410,113.5299,4.6666,1.5346,29.9168,
002015.SZ,霞客环保,2011-08-08,8.4543,8.3774,8.386,7.6089,7.6857,7619600,70419981.8,-0.7686,-9.0909,9.242,4.2205,1624846401,N/A,2159481690,180538489,0,239942410,103.209,4.2424,1.3951,27.1971,
002015.SZ,霞客环保,2011-08-09,7.6857,7.3868,7.7882,7.2246,7.7199,4544556,40068165.6,0.0342,0.4444,8.8167,2.5172,1632067940.56,N/A,2169079386.4,180538489,0,239942410,103.6677,4.2612,1.4013,27.318,
002015.SZ,霞客环保,2011-08-10,7.7199,7.8138,7.8992,7.7199,7.7284,3626361,33167426.7,0.0085,0.1106,9.1462,2.0086,1633873325.45,N/A,2171478810.5,180538489,0,239942410,103.7824,4.2659,1.4029,27.3482,
002015.SZ,霞客环保,2011-08-11,7.7284,7.6003,7.8736,7.4722,7.8565,3848442,34846460.1,0.1281,1.6575,9.0547,2.1316,1660954098.8,N/A,2207470172,180538489,0,239942410,105.5025,4.3366,1.4261,27.8015,
002015.SZ,霞客环保,2011-08-12,7.8565,7.9163,7.9761,7.8651,7.8992,3930556,36441419.5,0.0427,0.5435,9.2713,2.1771,1669981023.25,N/A,2219467292.5,180538489,0,239942410,106.0759,4.3602,1.4339,27.9526,
002015.SZ,霞客环保,2011-08-15,7.8992,7.9248,8.1981,7.8736,8.1298,4388531,41551072.5,0.2306,2.9189,9.4681,2.4308,1718726415.28,N/A,2284251743.2,180538489,0,239942410,109.1722,4.4875,1.4757,28.7685,
002015.SZ,霞客环保,2011-08-16,8.1298,8.1212,8.2579,8.0102,8.0273,4028545,38405578.2,-0.1025,-1.2605,9.5334,2.2314,1697061796.6,N/A,2255458654,180538489,0,239942410,107.7961,4.4309,1.4571,28.4058,
002015.SZ,霞客环保,2011-08-17,8.0273,8.0956,8.4116,7.959,8.2066,5634430,54277455.9,0.1793,2.234,9.6332,3.1209,1734974879.29,N/A,2305846560.1,180538489,0,239942410,110.2043,4.5299,1.4897,29.0404,
002015.SZ,霞客环保,2011-08-18,8.2066,8.1639,8.3262,8.0956,8.1127,3842541,36909612.7,-0.0939,-1.1446,9.6055,2.1284,1715115645.5,N/A,2279452895,180538489,0,239942410,108.9429,4.478,1.4726,28.708,
002015.SZ,霞客环保,2011-08-19,8.1127,7.9419,8.2408,7.8394,8.2323,3966698,37469604,0.1196,1.4737,9.446,2.1971,1740391033.96,N/A,2313044832.4,180538489,0,239942410,110.5483,4.544,1.4943,29.1311,
002015.SZ,霞客环保,2011-08-22,8.2323,8.2579,8.5226,8.1554,8.1725,4877148,47530599.9,-0.0598,-0.7261,9.7456,2.7014,1727753339.73,N/A,2296248863.7,180538489,0,239942410,109.7456,4.511,1.4835,28.9196,
002015.SZ,霞客环保,2011-08-23,8.1725,8.1554,8.2408,8.0871,8.2408,3083013,29483032.9,0.0683,0.8359,9.5631,1.7077,1742196418.85,N/A,2315444256.5,180538489,0,239942410,110.663,4.5487,1.4959,29.1613,
002015.SZ,霞客环保,2011-08-24,8.2408,8.2408,8.4372,8.1981,8.1981,2800036,27159755.6,-0.0427,-0.5181,9.6998,1.5509,1733169494.4,N/A,2303447136,180538489,0,239942410,110.0896,4.5252,1.4881,29.0102,
002015.SZ,霞客环保,2011-08-25,8.1981,8.1896,8.4116,8.1896,8.3091,2874333,27945917.9,0.111,1.3542,9.7226,1.5921,1756639497.97,N/A,2334639649.3,180538489,0,239942410,111.5804,4.5865,1.5083,29.4031,
002015.SZ,霞客环保,2011-08-26,8.3091,8.2579,8.4031,8.2408,8.3518,2939807,28652857.9,0.0427,0.5139,9.7465,1.6284,1765666422.42,N/A,2346636769.8,180538489,0,239942410,112.1538,4.61,1.516,29.5542,
002015.SZ,霞客环保,2011-08-29,8.3518,8.3433,8.3433,8.181,8.181,2357431,22810285.6,-0.1708,-2.045,9.6759,1.3058,1729558724.62,N/A,2298648287.8,180538489,0,239942410,109.8603,4.5158,1.485,28.9498,
002015.SZ,霞客环保,2011-08-30,8.181,8.2408,8.3006,7.9419,7.9761,2537349,24195597.5,-0.205,-2.5052,9.5358,1.4054,1686229487.26,N/A,2241062109.4,180538489,0,239942410,107.108,4.4026,1.4478,28.2245,
002015.SZ,霞客环保,2011-08-31,7.9761,7.9761,8.0529,7.7797,7.8821,1986176,18390529.6,-0.0939,-1.1777,9.2593,1.1001,1666370253.47,N/A,2214668444.3,180538489,0,239942410,105.8466,4.3508,1.4308,27.8921,
002015.SZ,霞客环保,2011-09-01,7.8821,7.8821,7.959,7.8224,7.848,1567443,14509338.7,-0.0342,-0.4334,9.2567,0.8682,1659148713.91,N/A,2205070747.9,180538489,0,239942410,105.3879,4.3319,1.4246,27.7712,
002015.SZ,霞客环保,2011-09-02,7.848,7.8565,7.9077,7.6686,7.7797,1828159,16664466.2,-0.0683,-0.8705,9.1154,1.0126,1644705634.79,N/A,2185875355.1,180538489,0,239942410,104.4705,4.2942,1.4122,27.5295,
002015.SZ,霞客环保,2011-09-05,7.7797,7.6943,7.7284,7.6259,7.6601,1302550,11693737.2,-0.1196,-1.5368,8.9776,0.7215,1619430246.33,N/A,2152283417.7,180538489,0,239942410,102.865,4.2282,1.3905,27.1064,
002015.SZ,霞客环保,2011-09-06,7.6601,7.6003,7.7028,7.5405,7.6259,1340264,11992922.1,-0.0342,-0.4459,8.9482,0.7424,1612208706.77,N/A,2142685721.3,180538489,0,239942410,102.4063,4.2094,1.3843,26.9856,
002015.SZ,霞客环保,2011-09-07,7.6259,7.6259,7.8736,7.6174,7.8736,1661935,15131807.7,0.2477,3.2475,9.1049,0.9205,1664564868.58,N/A,2212269020.2,180538489,0,239942410,105.7319,4.3461,1.4292,27.8619,
002015.SZ,霞客环保,2011-09-08,7.8736,7.9248,8.2408,7.8394,7.8565,4134217,39110758.4,-0.0171,-0.2169,9.4603,2.2899,1660954098.8,N/A,2207470172,180538489,0,239942410,105.5025,4.3366,1.4261,27.8015,
002015.SZ,霞客环保,2011-09-09,7.8565,7.8565,7.9504,7.7113,7.7711,1754581,16043645.3,-0.0854,-1.087,9.1439,0.9719,1642900249.9,N/A,2183475931,180538489,0,239942410,104.3558,4.2895,1.4106,27.4993,
002015.SZ,霞客环保,2011-09-13,7.7711,7.7711,7.7711,7.7711,7.7711,N/A,N/A,0,0,N/A,N/A,1642900249.9,N/A,2183475931,180538489,0,239942410,104.3558,4.2895,1.4106,27.4993,
002015.SZ,霞客环保,2011-09-14,7.7711,7.754,7.8224,7.5149,7.7882,2252839,20261049.6,0.0171,0.2198,8.9936,1.2478,1646511019.68,N/A,2188274779.2,180538489,0,239942410,104.5851,4.2989,1.4137,27.5597,
002015.SZ,霞客环保,2011-09-15,7.7882,7.7882,7.8394,7.7199,7.7284,1419913,12931476.3,-0.0598,-0.7675,9.1072,0.7865,1633873325.45,N/A,2171478810.5,180538489,0,239942410,103.7824,4.2659,1.4029,27.3482,
002015.SZ,霞客环保,2011-09-16,7.7284,7.7455,7.8053,7.6857,7.6857,982379,8910468.3,-0.0427,-0.5525,9.0703,0.5441,1624846401,N/A,2159481690,180538489,0,239942410,103.209,4.2424,1.3951,27.1971,
002015.SZ,霞客环保,2011-09-19,7.6857,7.6259,7.6857,7.4637,7.4722,1634193,14451860.6,-0.2135,-2.7778,8.8434,0.9052,1579711778.75,N/A,2099496087.5,180538489,0,239942410,100.3421,4.1245,1.3564,26.4416,
002015.SZ,霞客环保,2011-09-20,7.4722,7.4466,7.5405,7.3954,7.4722,1514553,13245565.7,0,0,8.7455,0.8389,1579711778.75,N/A,2099496087.5,180538489,0,239942410,100.3421,4.1245,1.3564,26.4416,
002015.SZ,霞客环保,2011-09-21,7.4722,7.4722,7.6857,7.3868,7.6516,1981710,17575626.6,0.1793,2.4,8.8689,1.0977,1617624861.44,N/A,2149883993.6,180538489,0,239942410,102.7503,4.2235,1.3889,27.0762,
002015.SZ,霞客环保,2011-09-22,7.6516,7.6003,7.643,7.4637,7.4637,1286071,11382904.2,-0.1879,-2.4554,8.8509,0.7124,1577906393.86,N/A,2097096663.4,180538489,0,239942410,100.2274,4.1198,1.3548,26.4114,
002015.SZ,霞客环保,2011-09-23,7.4637,7.4039,7.4808,7.2673,7.3954,1120659,9724649.7,-0.0683,-0.9153,8.6776,0.6207,1563463314.74,N/A,2077901270.6,180538489,0,239942410,99.31,4.0821,1.3424,26.1696,
002015.SZ,霞客环保,2011-09-26,7.3954,7.4039,7.5149,7.2246,7.2587,1344569,11595509.1,-0.1366,-1.8476,8.624,0.7448,1534577156.5,N/A,2039510485,180538489,0,239942410,97.4752,4.0067,1.3176,25.6861,
002015.SZ,霞客环保,2011-09-27,7.2587,7.2844,7.3868,7.1477,7.2758,1693075,14377685.9,0.0171,0.2353,8.4921,0.9378,1538187926.28,N/A,2044309333.2,180538489,0,239942410,97.7045,4.0161,1.3207,25.7466,
002015.SZ,霞客环保,2011-09-28,7.2758,7.3697,7.3868,7.0965,7.2417,1461625,12369756.8,-0.0342,-0.4695,8.463,0.8096,1530966386.72,N/A,2034711636.8,180538489,0,239942410,97.2458,3.9972,1.3145,25.6257,
002015.SZ,霞客环保,2011-09-29,7.2417,7.1221,7.2929,7.1136,7.1477,1987704,16691322.5,-0.0939,-1.2972,8.3973,1.101,1511107152.93,N/A,2008317971.7,180538489,0,239942410,95.9844,3.9454,1.2975,25.2933,
002015.SZ,霞客环保,2011-09-30,7.1477,7.199,7.199,6.9001,6.9342,1491246,12242042.9,-0.2135,-2.9869,8.2093,0.826,1465972530.68,N/A,1948332369.2,180538489,0,239942410,93.1175,3.8275,1.2587,24.5378,
002015.SZ,霞客环保,2011-10-10,6.9342,6.9342,6.9342,6.9342,6.9342,N/A,N/A,0,0,N/A,N/A,1465972530.68,N/A,1948332369.2,180538489,0,239942410,93.1175,3.8275,1.2587,24.5378,
002015.SZ,霞客环保,2011-10-11,6.9342,7.0709,7.2075,6.9342,7.0111,1575051,13028129.5,0.0769,1.1084,8.2716,0.8724,1482220994.69,N/A,1969927186.1,180538489,0,239942410,94.1496,3.87,1.2727,24.8098,
002015.SZ,霞客环保,2011-10-12,7.0111,6.9513,7.532,6.9428,7.5149,2902257,24808283.3,0.5038,7.1864,8.5479,1.6076,1588738703.2,N/A,2111493208,180538489,0,239942410,100.9155,4.1481,1.3641,26.5927,
002015.SZ,霞客环保,2011-10-13,7.5149,7.4466,7.7284,7.4124,7.6601,3054015,27102705.5,0.1452,1.9318,8.8745,1.6916,1619430246.33,N/A,2152283417.7,180538489,0,239942410,102.865,4.2282,1.3905,27.1064,
002015.SZ,霞客环保,2011-10-14,7.6601,7.5832,7.6601,7.5235,7.6003,1161827,10308715.1,-0.0598,-0.7804,8.8728,0.6435,1606792552.1,N/A,2135487449,180538489,0,239942410,102.0622,4.1952,1.3796,26.8949,
002015.SZ,霞客环保,2011-10-17,7.6003,7.6003,7.6516,7.5149,7.6003,1161109,10298744.2,0,0,8.8697,0.6431,1606792552.1,N/A,2135487449,180538489,0,239942410,102.0622,4.1952,1.3796,26.8949,
002015.SZ,霞客环保,2011-10-18,7.6003,7.6003,7.6003,7.3356,7.4039,1721974,14948474.8,-0.1964,-2.5843,8.681,0.9538,1565268699.63,N/A,2080300694.7,180538489,0,239942410,99.4247,4.0868,1.344,26.1999,
002015.SZ,霞客环保,2011-10-19,7.4039,7.3868,7.4637,7.31,7.3954,702442,6080956.8,-0.0085,-0.1153,8.6569,0.3891,1563463314.74,N/A,2077901270.6,180538489,0,239942410,99.31,4.0821,1.3424,26.1696,
002015.SZ,霞客环保,2011-10-20,7.3954,7.3014,7.4978,7.1648,7.4124,2051189,17716583.8,0.0171,0.2309,8.6372,1.1362,1567074084.52,N/A,2082700118.8,180538489,0,239942410,99.5394,4.0915,1.3455,26.2301,
002015.SZ,霞客环保,2011-10-21,7.4124,7.5064,7.6686,7.2502,7.2929,2476437,21704805.8,-0.1196,-1.6129,8.7645,1.3717,1541798696.06,N/A,2049108181.4,180538489,0,239942410,97.9339,4.0255,1.3238,25.807,
002015.SZ,霞客环保,2011-10-24,7.2929,7.216,7.216,6.9171,7.1563,2195954,18121180.3,-0.1366,-1.8735,8.2521,1.2163,1512912537.82,N/A,2010717395.8,180538489,0,239942410,96.0991,3.9501,1.299,25.3235,
002015.SZ,霞客环保,2011-10-25,7.1563,7.2758,7.5576,7.0196,7.5149,2421854,20791892.1,0.3587,5.0119,8.5851,1.3415,1588738703.2,N/A,2111493208,180538489,0,239942410,100.9155,4.1481,1.3641,26.5927,
002015.SZ,霞客环保,2011-10-26,7.5149,7.4295,7.7028,7.3954,7.5576,3717062,33088719,0.0427,0.5682,8.9018,2.0589,1597765627.65,N/A,2123490328.5,180538489,0,239942410,101.4889,4.1716,1.3719,26.7438,
002015.SZ,霞客环保,2011-10-27,7.5576,7.5833,7.9936,7.5747,7.703,6935555,63241276.9,0.1453,1.9231,9.1184,3.8416,1626651785.89,N/A,2161881114.1,180538489,0,239942410,103.3237,4.2471,1.3967,27.2273,
002015.SZ,霞客环保,2011-10-28,7.703,7.8056,8.0791,7.6517,8.0364,8827497,81630899,0.3334,4.3285,9.2473,4.8895,1697061796.6,N/A,2255458654,180538489,0,239942410,107.7961,4.4309,1.4571,28.4058,
002015.SZ,霞客环保,2011-10-31,8.0364,8.1475,8.1475,7.9338,8.0107,5697335,53510136.4,-0.0256,-0.3191,9.3921,3.1557,1691645641.93,N/A,2248260381.7,180538489,0,239942410,107.4521,4.4168,1.4525,28.3152,
002015.SZ,霞客环保,2011-11-01,8.0107,7.9081,8.0278,7.8056,7.9423,4688862,43389402.7,-0.0684,-0.8538,9.2537,2.5972,1677202562.81,N/A,2229064988.9,180538489,0,239942410,106.5346,4.3791,1.4401,28.0734,
002015.SZ,霞客环保,2011-11-02,7.9423,7.797,8.139,7.7115,8.1048,4802561,44685452.9,0.1624,2.0452,9.3045,2.6601,1711504875.72,N/A,2274654046.8,180538489,0,239942410,108.7135,4.4686,1.4695,28.6476,
002015.SZ,霞客环保,2011-11-03,8.1048,8.1048,8.3784,7.9765,7.9851,7262333,69190767.1,-0.1197,-1.4768,9.5273,4.0226,1686229487.26,N/A,2241062109.4,180538489,0,239942410,107.108,4.4026,1.4478,28.2245,
002015.SZ,霞客环保,2011-11-04,7.9851,8.062,8.0877,7.9081,7.9338,3628330,33862146.3,-0.0513,-0.6424,9.3327,2.0097,1675397177.92,N/A,2226665564.8,180538489,0,239942410,106.42,4.3743,1.4385,28.0432,
002015.SZ,霞客环保,2011-11-07,7.9338,7.9081,7.9936,7.8568,7.9081,2690402,24965286.4,-0.0256,-0.3233,9.2794,1.4902,1669981023.25,N/A,2219467292.5,180538489,0,239942410,106.0759,4.3602,1.4339,27.9526,
002015.SZ,霞客环保,2011-11-08,7.9081,7.9081,8.0278,7.8312,7.8996,2730203,25310258.6,-0.0085,-0.1081,9.2705,1.5123,1668175638.36,N/A,2217067868.4,180538489,0,239942410,105.9613,4.3555,1.4323,27.9223,
002015.SZ,霞客环保,2011-11-09,7.8996,7.8739,8.233,7.8398,8.2074,5819688,54849402.6,0.3078,3.8961,9.4248,3.2235,1733169494.4,N/A,2303447136,180538489,0,239942410,110.0896,4.5252,1.4881,29.0102,
002015.SZ,霞客环保,2011-11-10,8.2074,8.1219,9.0281,8.0535,8.4895,16811130,169074315.6,0.2821,3.4375,10.0573,9.3117,1792747195.77,N/A,2382628131.3,180538489,0,239942410,113.8739,4.6807,1.5393,30.0075,
002015.SZ,霞客环保,2011-11-11,8.4895,8.3185,8.6519,8.31,8.5066,8022044,79702546.2,0.0171,0.2014,9.9354,4.4434,1796357965.55,N/A,2387426979.5,180538489,0,239942410,114.1033,4.6902,1.5424,30.0679,
002015.SZ,霞客环保,2011-11-14,8.5066,8.6263,8.8657,8.5408,8.6177,7711812,78236151.3,0.1111,1.3065,10.145,4.2716,1819827969.12,N/A,2418619492.8,180538489,0,239942410,115.5941,4.7514,1.5625,30.4607,
002015.SZ,霞客环保,2011-11-15,8.6177,8.5921,8.6861,8.5066,8.6177,3615873,36309349.2,0,0,10.0417,2.0028,1819827969.12,N/A,2418619492.8,180538489,0,239942410,115.5941,4.7514,1.5625,30.4607,
002015.SZ,霞客环保,2011-11-16,8.6177,8.575,8.6605,8.2159,8.2159,4151874,40657707.5,-0.4018,-4.6627,9.7926,2.2997,1734974879.29,N/A,2305846560.1,180538489,0,239942410,110.2043,4.5299,1.4897,29.0404,
002015.SZ,霞客环保,2011-11-17,8.2159,8.2758,8.5493,8.233,8.2758,3840307,37602352.6,0.0598,0.7284,9.7915,2.1271,1747612573.52,N/A,2322642528.8,180538489,0,239942410,111.007,4.5629,1.5005,29.252,
002015.SZ,霞客环保,2011-11-18,8.2758,8.2587,8.2587,7.8996,7.9252,2727755,25644891.2,-0.3505,-4.2355,9.4015,1.5109,1673591793.03,N/A,2224266140.7,180538489,0,239942410,106.3053,4.3696,1.437,28.013,
002015.SZ,霞客环保,2011-11-21,7.9252,8.0022,8.1219,7.9167,8.062,1514882,14189359.5,0.1368,1.726,9.3666,0.8391,1702477951.27,N/A,2262656926.3,180538489,0,239942410,108.1401,4.445,1.4618,28.4965,
002015.SZ,霞客环保,2011-11-22,8.062,7.9765,8.1646,7.968,8.1304,1846774,17451978.2,0.0684,0.8484,9.45,1.0229,1716921030.39,N/A,2281852319.1,180538489,0,239942410,109.0575,4.4828,1.4742,28.7383,
002015.SZ,霞客环保,2011-11-23,8.1304,8.1304,8.2074,7.9936,8.0107,1386373,13121220.2,-0.1197,-1.4721,9.4644,0.7679,1691645641.93,N/A,2248260381.7,180538489,0,239942410,107.4521,4.4168,1.4525,28.3152,
002015.SZ,霞客环保,2011-11-24,8.0107,7.9338,8.0193,7.7799,7.891,1948613,17933987.2,-0.1197,-1.4941,9.2035,1.0793,1666370253.47,N/A,2214668444.3,180538489,0,239942410,105.8466,4.3508,1.4308,27.8921,
002015.SZ,霞客环保,2011-11-25,7.891,7.8398,7.9509,7.5747,7.6089,2236871,20261987.1,-0.2821,-3.5753,9.0582,1.239,1606792552.1,N/A,2135487449,180538489,0,239942410,102.0622,4.1952,1.3796,26.8949,
002015.SZ,霞客环保,2011-11-28,7.6089,7.6944,7.7115,7.5491,7.626,1445768,12874694,0.0171,0.2247,8.9051,0.8008,1610403321.88,N/A,2140286297.2,180538489,0,239942410,102.2916,4.2046,1.3827,26.9553,
002015.SZ,霞客环保,2011-11-29,7.626,7.7286,7.7799,7.6346,7.7457,2080242,18789621.3,0.1197,1.5695,9.0324,1.1522,1635678710.34,N/A,2173878234.6,180538489,0,239942410,103.8971,4.2706,1.4044,27.3784,
002015.SZ,霞客环保,2011-11-30,7.7457,7.7457,7.7457,7.7457,7.7457,N/A,N/A,0,0,N/A,N/A,1635678710.34,N/A,2173878234.6,180538489,0,239942410,103.8971,4.2706,1.4044,27.3784,
002015.SZ,霞客环保,2011-12-01,7.7457,7.7799,8.404,7.6773,8.2758,8388804,78933556.7,0.5301,6.8433,9.4094,4.6465,1747612573.52,N/A,2322642528.8,180538489,0,239942410,111.007,4.5629,1.5005,29.252,
002015.SZ,霞客环保,2011-12-02,8.2758,8.0877,8.4981,8.0449,8.481,9883052,96083533.5,0.2052,2.4793,9.7221,5.4742,1790941810.88,N/A,2380228707.2,180538489,0,239942410,113.7593,4.676,1.5377,29.9772,
002015.SZ,霞客环保,2011-12-05,8.481,8.3527,8.4126,8.0962,8.1646,4983640,47841170,-0.3163,-3.7298,9.5996,2.7604,1724142569.95,N/A,2291450015.5,180538489,0,239942410,109.5162,4.5016,1.4804,28.8591,
002015.SZ,霞客环保,2011-12-06,8.1646,8.1219,8.4553,7.7885,8.3784,6786353,64880961.6,0.2137,2.6178,9.5605,3.759,1769277192.2,N/A,2351435618,180538489,0,239942410,112.3832,4.6195,1.5191,29.6146,
002015.SZ,霞客环保,2011-12-07,8.3784,8.2672,8.5237,8.2159,8.3185,5061986,49584358.6,-0.0598,-0.7143,9.7954,2.8038,1756639497.97,N/A,2334639649.3,180538489,0,239942410,111.5804,4.5865,1.5083,29.4031,
002015.SZ,霞客环保,2011-12-08,8.3185,8.233,8.404,8.0022,8.1048,4190514,40164765.8,-0.2137,-2.5694,9.5847,2.3211,1711504875.72,N/A,2274654046.8,180538489,0,239942410,108.7135,4.4686,1.4695,28.6476,
002015.SZ,霞客环保,2011-12-09,8.1048,7.8654,8.2501,7.8483,8.1817,3415425,32393682.9,0.0769,0.9494,9.4845,1.8918,1727753339.73,N/A,2296248863.7,180538489,0,239942410,109.7456,4.511,1.4835,28.9196,
002015.SZ,霞客环保,2011-12-12,8.1817,8.1475,8.7203,8.1475,8.4382,10816070,107101416.3,0.2565,3.1348,9.9021,5.991,1781914886.43,N/A,2368231586.7,180538489,0,239942410,113.1859,4.6524,1.53,29.8261,
002015.SZ,霞客环保,2011-12-13,8.4382,8.3784,8.4553,7.8825,8.2245,6698835,63941118.8,-0.2137,-2.5329,9.5451,3.7105,1736780264.18,N/A,2308245984.2,180538489,0,239942410,110.319,4.5346,1.4912,29.0707,
002015.SZ,霞客环保,2011-12-14,8.2245,8.139,8.6348,8.0535,8.481,9852895,96998157.5,0.2565,3.1185,9.8446,5.4575,1790941810.88,N/A,2380228707.2,180538489,0,239942410,113.7593,4.676,1.5377,29.9772,
002015.SZ,霞客环保,2011-12-15,8.481,8.3698,8.6861,8.31,8.4895,13911732,139127399.8,0.0085,0.1008,10.0007,7.7057,1792747195.77,N/A,2382628131.3,180538489,0,239942410,113.8739,4.6807,1.5393,30.0075,
002015.SZ,霞客环保,2011-12-16,8.4895,8.3784,8.8144,8.0364,8.7802,12583772,123965122.5,0.2907,3.424,9.8512,6.9701,1854130282.03,N/A,2464208550.7,180538489,0,239942410,117.773,4.841,1.592,31.0349,
002015.SZ,霞客环保,2011-12-19,8.7802,8.5921,8.917,8.4639,8.7887,11174227,113414642,0.0085,0.0974,10.1497,6.1894,1855935666.92,N/A,2466607974.8,180538489,0,239942410,117.8876,4.8457,1.5935,31.0651,
002015.SZ,霞客环保,2011-12-20,8.7887,8.6947,8.7887,8.3442,8.3698,9677112,97008817,-0.4189,-4.7665,10.0246,5.3601,1767471807.31,N/A,2349036193.9,180538489,0,239942410,112.2685,4.6147,1.5176,29.5844,
002015.SZ,霞客环保,2011-12-21,8.3698,8.4468,8.5322,8.1988,8.1988,6896047,67513804.3,-0.171,-2.0429,9.7902,3.8197,1731364109.51,N/A,2301047711.9,180538489,0,239942410,109.9749,4.5205,1.4866,28.98,
002015.SZ,霞客环保,2011-12-22,8.1988,8.0364,8.5066,7.3781,8.2245,13810155,126110899.9,0.0256,0.3128,9.1318,7.6494,1736780264.18,N/A,2308245984.2,180538489,0,239942410,110.319,4.5346,1.4912,29.0707,
002015.SZ,霞客环保,2011-12-23,8.2245,7.9423,8.4553,7.8654,8.1133,8659721,82644507.9,-0.1111,-1.3514,9.5436,4.7966,1713310260.61,N/A,2277053470.9,180538489,0,239942410,108.8282,4.4733,1.4711,28.6778,
002015.SZ,霞客环保,2011-12-26,8.1133,8.0364,8.0791,7.4978,7.5063,5921268,54237418.1,-0.607,-7.4816,9.1598,3.2798,1585127933.42,N/A,2106694359.8,180538489,0,239942410,100.6861,4.1387,1.361,26.5323,
002015.SZ,霞客环保,2011-12-27,7.5063,7.455,7.6688,7.1387,7.2413,4718201,40996945.6,-0.265,-3.5308,8.6891,2.6134,1529161001.83,N/A,2032312212.7,180538489,0,239942410,97.1312,3.9925,1.313,25.5955,
002015.SZ,霞客环保,2011-12-28,7.2413,7.2498,7.2669,6.8053,7.0361,5225280,42670092.8,-0.2052,-2.8335,8.1661,2.8943,1485831764.47,N/A,1974726034.3,180538489,0,239942410,94.3789,3.8794,1.2758,24.8702,
002015.SZ,霞客环保,2011-12-29,7.0361,6.9421,7.1131,6.9164,6.9592,3495411,28747586.6,-0.0769,-1.0936,8.2244,1.9361,1469583300.46,N/A,1953131217.4,180538489,0,239942410,93.3468,3.837,1.2618,24.5983,
002015.SZ,霞客环保,2011-12-30,6.9592,7.0361,7.1558,6.925,7.0447,3603325,29665760.8,0.0855,1.2285,8.2329,1.9959,1487637149.36,N/A,1977125458.4,180538489,0,239942410,94.4936,3.8841,1.2773,24.9004,
002015.SZ,霞客环保,2012-01-04,7.0447,7.0789,7.1558,6.8395,6.8651,2788418,22896454.6,-0.1795,-2.5485,8.2113,1.5445,1449724066.67,N/A,1926737552.3,180538489,0,239942410,83.0816,2.6163,1.0379,-26.8524,
002015.SZ,霞客环保,2012-01-05,6.8651,6.6941,6.9164,6.4377,6.4975,3861350,29976745.2,-0.3676,-5.3549,7.7633,2.1388,1372092516.4,N/A,1823562316,180538489,0,239942410,78.6327,2.4762,0.9823,-25.4144,
002015.SZ,霞客环保,2012-01-06,6.4975,6.5403,6.583,6.2496,6.5659,2754318,20664314.3,0.0684,1.0526,7.5025,1.5256,1386535595.52,N/A,1842757708.8,180538489,0,239942410,79.4604,2.5023,0.9926,-25.682,
002015.SZ,霞客环保,2012-01-09,6.5659,6.7283,6.925,6.5744,6.8993,3183100,25292072.2,0.3334,5.0781,7.9457,1.7631,1456945606.23,N/A,1936335248.7,180538489,0,239942410,83.4955,2.6293,1.043,-26.9861,
002015.SZ,霞客环保,2012-01-10,6.8993,6.9763,7.1473,6.8993,7.096,4086043,33711320.7,0.1966,2.8501,8.2504,2.2633,1498469458.7,N/A,1991522003,180538489,0,239942410,85.8751,2.7043,1.0728,-27.7552,
002015.SZ,霞客环保,2012-01-11,7.096,7.0447,7.2926,7.0361,7.096,3921438,32830512.2,0,0,8.3721,2.1721,1498469458.7,N/A,1991522003,180538489,0,239942410,85.8751,2.7043,1.0728,-27.7552,
002015.SZ,霞客环保,2012-01-12,7.096,7.0789,7.1985,7.0276,7.1729,3751514,31341923,0.0769,1.0843,8.3545,2.078,1514717922.71,N/A,2013116819.9,180538489,0,239942410,86.8063,2.7336,1.0844,-28.0562,
002015.SZ,霞客环保,2012-01-13,7.1729,7.1473,7.8312,7.096,7.4892,11540259,100880352.2,0.3163,4.41,8.7416,6.3921,1581517163.64,N/A,2101895511.6,180538489,0,239942410,90.6345,2.8542,1.1322,-29.2935,
002015.SZ,霞客环保,2012-01-16,7.4892,7.4892,7.4892,7.4892,7.4892,N/A,N/A,0,0,N/A,N/A,1581517163.64,N/A,2101895511.6,180538489,0,239942410,90.6345,2.8542,1.1322,-29.2935,
002015.SZ,霞客环保,2012-01-17,7.4892,7.4892,7.4892,7.4892,7.4892,N/A,N/A,0,0,N/A,N/A,1581517163.64,N/A,2101895511.6,180538489,0,239942410,90.6345,2.8542,1.1322,-29.2935,
002015.SZ,霞客环保,2012-01-18,7.4892,7.4892,7.4892,7.4892,7.4892,N/A,N/A,0,0,N/A,N/A,1581517163.64,N/A,2101895511.6,180538489,0,239942410,90.6345,2.8542,1.1322,-29.2935,
002015.SZ,霞客环保,2012-01-19,7.4892,7.4892,7.4892,7.4892,7.4892,N/A,N/A,0,0,N/A,N/A,1581517163.64,N/A,2101895511.6,180538489,0,239942410,90.6345,2.8542,1.1322,-29.2935,
002015.SZ,霞客环保,2012-01-20,7.4892,7.4892,7.4892,7.4892,7.4892,N/A,N/A,0,0,N/A,N/A,1581517163.64,N/A,2101895511.6,180538489,0,239942410,90.6345,2.8542,1.1322,-29.2935,
002015.SZ,霞客环保,2012-01-30,7.4892,7.4892,7.4892,7.4892,7.4892,N/A,N/A,0,0,N/A,N/A,1581517163.64,N/A,2101895511.6,180538489,0,239942410,90.6345,2.8542,1.1322,-29.2935,
002015.SZ,霞客环保,2012-01-31,7.4892,8.2416,8.2416,7.6517,7.7799,8871872,81814075.6,0.2907,3.8813,9.2217,4.9141,1642900249.9,N/A,2183475931,180538489,0,239942410,94.1523,2.9649,1.1762,-30.4305,
002015.SZ,霞客环保,2012-02-01,7.7799,7.5747,7.8996,7.5234,7.5918,4418522,39924059.5,-0.1881,-2.4176,9.0356,2.4474,1603181782.32,N/A,2130688600.8,180538489,0,239942410,91.876,2.8933,1.1477,-29.6948,
002015.SZ,霞客环保,2012-02-02,7.5918,7.532,7.6602,7.3952,7.6431,4004728,35452128.2,0.0513,0.6757,8.8526,2.2182,1614014091.66,N/A,2145085145.4,180538489,0,239942410,92.4968,2.9128,1.1555,-29.8954,
002015.SZ,霞客环保,2012-02-03,7.6431,7.5662,7.7115,7.5662,7.626,4007409,35802511.4,-0.0171,-0.2237,8.9341,2.2197,1610403321.88,N/A,2140286297.2,180538489,0,239942410,92.2899,2.9063,1.1529,-29.8285,
002015.SZ,霞客环保,2012-02-06,7.626,7.6089,7.7543,7.532,7.6346,3053942,27411285.2,0.0085,0.1121,8.9757,1.6916,1612208706.77,N/A,2142685721.3,180538489,0,239942410,92.3934,2.9095,1.1542,-29.862,
002015.SZ,霞客环保,2012-02-07,7.6346,7.5747,7.6431,7.4037,7.4294,2709137,23675911.7,-0.2052,-2.6876,8.7393,1.5006,1568879469.41,N/A,2085099542.9,180538489,0,239942410,89.9102,2.8314,1.1232,-29.0594,
002015.SZ,霞客环保,2012-02-08,7.4294,7.3952,7.6089,7.3952,7.5833,2839376,24961511.5,0.1539,2.0713,8.7912,1.5727,1601376397.43,N/A,2128289176.7,180538489,0,239942410,91.7726,2.89,1.1464,-29.6613,
002015.SZ,霞客环保,2012-02-09,7.5833,7.5491,7.8568,7.5491,7.6944,4787524,43291002.7,0.1111,1.4656,9.0425,2.6518,1624846401,N/A,2159481690,180538489,0,239942410,93.1176,2.9324,1.1632,-30.0961,
002015.SZ,霞客环保,2012-02-10,7.6944,7.6944,7.8483,7.6175,7.6688,3377155,30453782.5,-0.0256,-0.3333,9.0176,1.8706,1619430246.33,N/A,2152283417.7,180538489,0,239942410,92.8072,2.9226,1.1594,-29.9957,
002015.SZ,霞客环保,2012-02-13,7.6688,7.6517,7.8056,7.5833,7.7714,2952936,26719616.7,0.1026,1.3378,9.0485,1.6356,1641094865.01,N/A,2181076506.9,180538489,0,239942410,94.0488,2.9617,1.1749,-30.397,
002015.SZ,霞客环保,2012-02-14,7.7714,7.797,7.797,7.6517,7.7457,2297926,20753201.4,-0.0256,-0.33,9.0313,1.2728,1635678710.34,N/A,2173878234.6,180538489,0,239942410,93.7384,2.9519,1.171,-30.2967,
002015.SZ,霞客环保,2012-02-15,7.7457,7.7372,7.968,7.6859,7.8568,4399617,40317650.3,0.1111,1.4349,9.1639,2.4369,1659148713.91,N/A,2205070747.9,180538489,0,239942410,95.0834,2.9943,1.1878,-30.7314,
002015.SZ,霞客环保,2012-02-16,7.8568,7.8654,7.9423,7.703,7.7543,3430105,31426020.6,-0.1026,-1.3058,9.1618,1.8999,1637484095.23,N/A,2176277658.7,180538489,0,239942410,93.8419,2.9552,1.1723,-30.3301,
002015.SZ,霞客环保,2012-02-17,7.7543,7.7628,7.8312,7.6004,7.703,2430988,21884610.8,-0.0513,-0.6615,9.0024,1.3465,1626651785.89,N/A,2161881114.1,180538489,0,239942410,93.2211,2.9356,1.1645,-30.1295,
002015.SZ,霞客环保,2012-02-20,7.703,7.7714,7.8825,7.6773,7.6944,2889465,26251079.7,-0.0085,-0.111,9.0851,1.6005,1624846401,N/A,2159481690,180538489,0,239942410,93.1176,2.9324,1.1632,-30.0961,
002015.SZ,霞客环保,2012-02-21,7.6944,7.703,7.797,7.6089,7.7799,2309022,20879520.6,0.0855,1.1111,9.0426,1.279,1642900249.9,N/A,2183475931,180538489,0,239942410,94.1523,2.9649,1.1762,-30.4305,
002015.SZ,霞客环保,2012-02-22,7.7799,7.797,7.968,7.7457,7.968,5428048,49950944.4,0.1881,2.4176,9.2024,3.0066,1682618717.48,N/A,2236263261.2,180538489,0,239942410,96.4285,3.0366,1.2046,-31.1661,
002015.SZ,霞客环保,2012-02-23,7.968,7.9423,7.9423,7.8056,7.8825,3956275,36430838,-0.0855,-1.073,9.2084,2.1914,1664564868.58,N/A,2212269020.2,180538489,0,239942410,95.3938,3.004,1.1917,-30.8317,
002015.SZ,霞客环保,2012-02-24,7.8825,7.8825,8.1817,7.8398,8.0107,6638216,62290046.8,0.1282,1.6269,9.3836,3.6769,1691645641.93,N/A,2248260381.7,180538489,0,239942410,96.9458,3.0529,1.2111,-31.3333,
002015.SZ,霞客环保,2012-02-27,8.0107,7.9594,8.233,7.9594,8.1304,7393566,70220955.5,0.1197,1.4941,9.4976,4.0953,1716921030.39,N/A,2281852319.1,180538489,0,239942410,98.3943,3.0985,1.2292,-31.8015,
002015.SZ,霞客环保,2012-02-28,8.1304,8.0791,8.2587,7.8996,8.1475,4299746,40740877.4,0.0171,0.2103,9.4752,2.3816,1720531800.17,N/A,2286651167.3,180538489,0,239942410,98.6012,3.105,1.2317,-31.8684,
002015.SZ,霞客环保,2012-02-29,8.1475,8.1304,8.3271,8.0278,8.0364,3968663,37893617.7,-0.1111,-1.3641,9.5482,2.1982,1697061796.6,N/A,2255458654,180538489,0,239942410,97.2562,3.0627,1.2149,-31.4337,
002015.SZ,霞客环保,2012-03-01,8.0364,7.968,8.0706,7.8996,7.9509,3830023,35807980.7,-0.0855,-1.0638,9.3493,2.1214,1679007947.7,N/A,2231464413,180538489,0,239942410,96.2215,3.0301,1.202,-31.0993,
002015.SZ,霞客环保,2012-03-02,7.9509,7.9765,8.1732,7.9765,8.1304,3159289,29927923.6,0.1795,2.2581,9.473,1.7499,1716921030.39,N/A,2281852319.1,180538489,0,239942410,98.3943,3.0985,1.2292,-31.8015,
002015.SZ,霞客环保,2012-03-05,8.1304,8.139,8.2672,8.0791,8.2587,3776249,36076794.7,0.1282,1.5773,9.5536,2.0917,1744001803.74,N/A,2317843680.6,180538489,0,239942410,99.9462,3.1474,1.2485,-32.3031,
002015.SZ,霞客环保,2012-03-06,8.2587,8.2074,8.3271,8.1304,8.233,3457249,33242494.8,-0.0256,-0.3106,9.6153,1.915,1738585649.07,N/A,2310645408.3,180538489,0,239942410,99.6358,3.1376,1.2447,-32.2028,
002015.SZ,霞客环保,2012-03-07,8.233,8.1988,8.1988,7.9509,8.0535,2589409,24492560.2,-0.1795,-2.1807,9.4587,1.4343,1700672566.38,N/A,2260257502.2,180538489,0,239942410,97.4631,3.0692,1.2175,-31.5005,
002015.SZ,霞客环保,2012-03-08,8.0535,8.0449,8.1817,8.0364,8.0877,2239465,21252981.5,0.0342,0.4246,9.4902,1.2404,1707894105.94,N/A,2269855198.6,180538489,0,239942410,97.877,3.0822,1.2227,-31.6343,
002015.SZ,霞客环保,2012-03-09,8.0877,8.0877,8.1646,8.0449,8.1646,2385643,22661537,0.0769,0.9514,9.4991,1.3214,1724142569.95,N/A,2291450015.5,180538489,0,239942410,98.8081,3.1116,1.2343,-31.9353,
002015.SZ,霞客环保,2012-03-12,8.1646,8.1646,8.2074,8.0877,8.1304,2567068,24453231.9,-0.0342,-0.4188,9.5257,1.4219,1716921030.39,N/A,2281852319.1,180538489,0,239942410,98.3943,3.0985,1.2292,-31.8015,
002015.SZ,霞客环保,2012-03-13,8.1304,8.1304,8.1475,8.0449,8.139,2751139,26063141.8,0.0085,0.1052,9.4736,1.5239,1718726415.28,N/A,2284251743.2,180538489,0,239942410,98.4977,3.1018,1.2304,-31.8349,
002015.SZ,霞客环保,2012-03-14,8.139,8.1646,8.2587,7.6773,7.7201,6146580,57914504.2,-0.4189,-5.1471,9.4222,3.4046,1630262555.67,N/A,2166679962.3,180538489,0,239942410,93.428,2.9421,1.1671,-30.1964,
002015.SZ,霞客环保,2012-03-15,7.7201,7.7115,7.7714,7.2669,7.3952,6132699,53527722.6,-0.3249,-4.2082,8.7282,3.3969,1561657929.85,N/A,2075501846.5,180538489,0,239942410,89.4964,2.8183,1.118,-28.9257,
002015.SZ,霞客环保,2012-03-16,7.3952,7.4721,7.5833,7.3695,7.532,4731993,41427115.8,0.1368,1.8497,8.7547,2.621,1590544088.09,N/A,2113892632.1,180538489,0,239942410,91.1518,2.8705,1.1387,-29.4607,
002015.SZ,霞客环保,2012-03-19,7.532,7.5063,7.6517,7.3781,7.5918,4067583,35691707.8,0.0598,0.7946,8.7747,2.253,1603181782.32,N/A,2130688600.8,180538489,0,239942410,91.876,2.8933,1.1477,-29.6948,
002015.SZ,霞客环保,2012-03-20,7.5918,7.5833,7.5833,7.2755,7.361,4733619,40901874.1,-0.2308,-3.0405,8.6407,2.6219,1554436390.29,N/A,2065904150.1,180538489,0,239942410,89.0825,2.8053,1.1128,-28.7919,
002015.SZ,霞客环保,2012-03-21,7.361,7.3952,7.5063,7.3439,7.4379,3123136,27102806,0.0769,1.0453,8.6781,1.7299,1570684854.3,N/A,2087498967,180538489,0,239942410,90.0137,2.8346,1.1245,-29.0929,
002015.SZ,霞客环保,2012-03-22,7.4379,7.4294,7.6431,7.3952,7.4807,4060915,35720416.9,0.0427,0.5747,8.7961,2.2493,1579711778.75,N/A,2099496087.5,180538489,0,239942410,90.531,2.8509,1.1309,-29.2601,
002015.SZ,霞客环保,2012-03-23,7.4807,7.4807,7.4807,7.2327,7.2755,2376397,20408895.7,-0.2052,-2.7429,8.5882,1.3163,1536382541.39,N/A,2041909909.1,180538489,0,239942410,88.0479,2.7727,1.0999,-28.4575,
002015.SZ,霞客环保,2012-03-26,7.2755,7.2669,7.3268,7.1302,7.1644,1580770,13315532.1,-0.1111,-1.5276,8.4234,0.8756,1512912537.82,N/A,2010717395.8,180538489,0,239942410,86.7028,2.7304,1.0831,-28.0228,
002015.SZ,霞客环保,2012-03-27,7.1644,7.2071,7.5234,7.2071,7.284,2434642,20907764.5,0.1197,1.6706,8.5876,1.3485,1538187926.28,N/A,2044309333.2,180538489,0,239942410,88.1513,2.776,1.1012,-28.4909,
002015.SZ,霞客环保,2012-03-28,7.284,7.2327,7.2669,6.8737,6.9506,2096107,17323054.2,-0.3334,-4.5775,8.2644,1.161,1467777915.57,N/A,1950731793.3,180538489,0,239942410,84.1162,2.6489,1.0508,-27.1868,
002015.SZ,霞客环保,2012-03-29,6.9506,6.925,6.9592,6.6685,6.8053,2657520,21158494.1,-0.1453,-2.091,7.9617,1.472,1437086372.44,N/A,1909941583.6,180538489,0,239942410,82.3574,2.5935,1.0288,-26.6183,
002015.SZ,霞客环保,2012-03-30,6.8053,6.8395,6.8737,6.6856,6.7882,1182466,9343996.8,-0.0171,-0.2513,7.9021,0.655,1433475602.66,N/A,1905142735.4,180538489,0,239942410,82.1504,2.587,1.0262,-26.5514,
002015.SZ,霞客环保,2012-04-05,6.7882,6.8053,6.9763,6.677,6.9506,1685581,13641822.7,0.1624,2.3929,8.0932,0.9336,1467777915.57,N/A,1950731793.3,180538489,0,239942410,84.1162,2.6489,1.0508,-27.1868,
002015.SZ,霞客环保,2012-04-06,6.9506,6.9677,7.0618,6.9335,7.0361,1867295,15308734.6,0.0855,1.23,8.1983,1.0343,1485831764.47,N/A,1974726034.3,180538489,0,239942410,85.1509,2.6815,1.0637,-27.5212,
002015.SZ,霞客环保,2012-04-09,7.0361,7.0105,7.0361,6.8822,6.8822,1080971,8802320.7,-0.1539,-2.1871,8.143,0.5987,1453334836.45,N/A,1931536400.5,180538489,0,239942410,83.2885,2.6228,1.0404,-26.9192,
002015.SZ,霞客环保,2012-04-10,6.8822,6.8651,7.0105,6.7198,7.0105,1416701,11318852,0.1282,1.8634,7.9896,0.7847,1480415609.8,N/A,1967527762,180538489,0,239942410,84.8405,2.6717,1.0598,-27.4208,
002015.SZ,霞客环保,2012-04-11,7.0105,6.9079,7.0361,6.8822,7.019,1354236,11059246.3,0.0085,0.122,8.1664,0.7501,1482220994.69,N/A,1969927186.1,180538489,0,239942410,84.944,2.675,1.0611,-27.4543,
002015.SZ,霞客环保,2012-04-12,7.019,7.019,7.1729,7.0019,7.1473,2212335,18390509.8,0.1282,1.827,8.3127,1.2254,1509301768.04,N/A,2005918547.6,180538489,0,239942410,86.4959,2.7238,1.0805,-27.9559,
002015.SZ,霞客环保,2012-04-13,7.1473,7.2071,7.3182,7.1045,7.2498,3160994,26716917.2,0.1026,1.4354,8.4521,1.7509,1530966386.72,N/A,2034711636.8,180538489,0,239942410,87.7375,2.7629,1.096,-28.3572,
002015.SZ,霞客环保,2012-04-16,7.2498,7.19,7.2926,7.1473,7.2413,2153955,18187736.5,-0.0085,-0.1179,8.4439,1.1931,1529161001.83,N/A,2032312212.7,180538489,0,239942410,87.634,2.7597,1.0947,-28.3237,
002015.SZ,霞客环保,2012-04-17,7.2413,7.2584,7.2584,7.0703,7.1216,1921719,16059063.1,-0.1197,-1.6529,8.3566,1.0644,1503885613.37,N/A,1998720275.3,180538489,0,239942410,86.1855,2.7141,1.0766,-27.8556,
002015.SZ,霞客环保,2012-04-18,7.1216,7.1387,7.2926,7.0789,7.2584,3630001,30594180.2,0.1368,1.9208,8.4281,2.0107,1532771771.61,N/A,2037111060.9,180538489,0,239942410,87.841,2.7662,1.0973,-28.3906,
002015.SZ,霞客环保,2012-04-19,7.2584,7.2071,7.4208,7.2071,7.3866,3934710,33783495.8,0.1282,1.7668,8.586,2.1794,1559852544.96,N/A,2073102422.4,180538489,0,239942410,89.3929,2.8151,1.1167,-28.8922,
002015.SZ,霞客环保,2012-04-20,7.3866,7.3268,7.455,7.2755,7.3866,3415203,29387870.3,0,0,8.605,1.8917,1559852544.96,N/A,2073102422.4,180538489,0,239942410,89.3929,2.8151,1.1167,-28.8922,
002015.SZ,霞客环保,2012-04-23,7.3866,7.3524,7.3952,7.096,7.1045,3273376,27713404.9,-0.2821,-3.8194,8.4663,1.8131,1500274843.59,N/A,1993921427.1,180538489,0,239942410,85.9786,2.7075,1.0741,-27.7887,
002015.SZ,霞客环保,2012-04-24,7.1045,7.1216,7.1644,6.8395,7.0019,2512242,20506335.3,-0.1026,-1.444,8.1626,1.3915,1478610224.91,N/A,1965128337.9,180538489,0,239942410,84.737,2.6684,1.0585,-27.3874,
002015.SZ,霞客环保,2012-04-25,7.0019,6.9335,7.1131,6.9335,7.0874,2332135,19210234.3,0.0855,1.221,8.2372,1.2918,1496664073.81,N/A,1989122578.9,180538489,0,239942410,85.7717,2.701,1.0715,-27.7218,
002015.SZ,霞客环保,2012-04-26,7.0874,7.1815,7.1815,7.0447,7.096,1530329,12711406.4,0.0085,0.1206,8.3063,0.8476,1498469458.7,N/A,1991522003,180538489,0,239942410,85.8751,2.7043,1.0728,-27.7552,
002015.SZ,霞客环保,2012-04-27,7.096,7.096,7.2327,6.9848,7.1131,1429265,11895433.5,0.0171,0.241,8.3228,0.7917,1502080228.48,N/A,1996320851.2,180538489,0,239942410,86.0821,2.7108,1.0753,-27.8221,
002015.SZ,霞客环保,2012-05-02,7.1131,7.1644,7.284,7.1216,7.2242,2339011,19777223.1,0.1111,1.5625,8.4554,1.2956,1525550232.05,N/A,2027513364.5,180538489,0,239942410,87.4271,2.7532,1.0921,-28.2568,
002015.SZ,霞客环保,2012-05-03,7.2242,7.2242,7.2242,7.2242,7.2242,N/A,N/A,0,0,N/A,N/A,1525550232.05,N/A,2027513364.5,180538489,0,239942410,87.4271,2.7532,1.0921,-28.2568,
002015.SZ,霞客环保,2012-05-04,7.2242,7.3781,7.5063,7.3097,7.3439,4394947,38095104.3,0.1197,1.6568,8.6679,2.4344,1550825620.51,N/A,2061105301.9,180538489,0,239942410,88.8756,2.7988,1.1102,-28.725,
002015.SZ,霞客环保,2012-05-07,7.3439,7.2413,7.4807,7.2242,7.455,3863873,33343501.5,0.1111,1.5134,8.6296,2.1402,1574295624.08,N/A,2092297815.2,180538489,0,239942410,90.2206,2.8411,1.127,-29.1597,
002015.SZ,霞客环保,2012-05-08,7.455,7.3781,7.4636,7.3353,7.3524,2801879,24256954.8,-0.1026,-1.3761,8.6574,1.552,1552631005.4,N/A,2063504726,180538489,0,239942410,88.9791,2.802,1.1115,-28.7584,
002015.SZ,霞客环保,2012-05-09,7.3524,7.3353,7.3439,7.1644,7.1815,2488880,21058003.4,-0.171,-2.3256,8.4608,1.3786,1516523307.6,N/A,2015516244,180538489,0,239942410,86.9098,2.7369,1.0857,-28.0896,
002015.SZ,霞客环保,2012-05-10,7.1815,7.1815,7.2413,7.1473,7.2071,1323749,11152831.3,0.0256,0.3571,8.4252,0.7332,1521939462.27,N/A,2022714516.3,180538489,0,239942410,87.2202,2.7466,1.0896,-28.19,
002015.SZ,霞客环保,2012-05-11,7.2071,7.1985,7.2327,7.0447,7.0532,2898679,24148838.2,-0.1539,-2.1352,8.331,1.6056,1489442534.25,N/A,1979524882.5,180538489,0,239942410,85.3578,2.688,1.0663,-27.588,
002015.SZ,霞客环保,2012-05-14,7.0532,7.1387,7.1387,6.9848,6.9934,1887236,15576021,-0.0598,-0.8485,8.2534,1.0453,1476804840.02,N/A,1962728913.8,180538489,0,239942410,84.6336,2.6652,1.0573,-27.354,
002015.SZ,霞客环保,2012-05-15,6.9934,6.9335,7.0532,6.8908,7.0019,1514398,12300932.1,0.0085,0.1222,8.1227,0.8388,1478610224.91,N/A,1965128337.9,180538489,0,239942410,84.737,2.6684,1.0585,-27.3874,
002015.SZ,霞客环保,2012-05-16,7.0019,7.0019,7.0703,6.9677,6.9763,1217821,9994899.1,-0.0256,-0.3663,8.2072,0.6745,1473194070.24,N/A,1957930065.6,180538489,0,239942410,84.4266,2.6587,1.0547,-27.2871,
002015.SZ,霞客环保,2012-05-17,6.9763,6.9763,7.6773,6.9421,7.6773,9730751,84839826.8,0.701,10.049,8.7187,5.3898,1621235631.22,N/A,2154682841.8,180538489,0,239942410,92.9107,2.9258,1.1607,-30.0292,
002015.SZ,霞客环保,2012-05-18,7.6773,7.5063,7.8825,7.3695,7.7286,12435534,110895068.7,0.0513,0.6682,8.9176,6.888,1632067940.56,N/A,2169079386.4,180538489,0,239942410,93.5315,2.9454,1.1684,-30.2298,
002015.SZ,霞客环保,2012-05-21,7.7286,7.626,7.7457,7.3952,7.4379,5667357,49990668.5,-0.2907,-3.7611,8.8208,3.1391,1570684854.3,N/A,2087498967,180538489,0,239942410,90.0137,2.8346,1.1245,-29.0929,
002015.SZ,霞客环保,2012-05-22,7.4379,7.4636,7.5491,7.3695,7.5063,3647104,31867665.1,0.0684,0.9195,8.7378,2.0201,1585127933.42,N/A,2106694359.8,180538489,0,239942410,90.8414,2.8607,1.1348,-29.3604,
002015.SZ,霞客环保,2012-05-23,7.5063,7.4807,7.703,7.4379,7.6602,4912642,43524629.2,0.1539,2.0501,8.8597,2.7211,1617624861.44,N/A,2149883993.6,180538489,0,239942410,92.7038,2.9193,1.1581,-29.9623,
002015.SZ,霞客环保,2012-05-24,7.6602,7.6175,7.6431,7.3524,7.5234,4335549,38046624.6,-0.1368,-1.7857,8.7755,2.4015,1588738703.2,N/A,2111493208,180538489,0,239942410,91.0483,2.8672,1.1374,-29.4273,
002015.SZ,霞客环保,2012-05-25,7.5234,7.5149,7.6688,7.4636,7.5234,3907130,34580401.2,0,0,8.8506,2.1642,1588738703.2,N/A,2111493208,180538489,0,239942410,91.0483,2.8672,1.1374,-29.4273,
002015.SZ,霞客环保,2012-05-28,7.5234,7.5747,7.8398,7.455,7.7714,7104921,63885105.8,0.2479,3.2955,8.9917,3.9354,1641094865.01,N/A,2181076506.9,180538489,0,239942410,94.0488,2.9617,1.1749,-30.397,
002015.SZ,霞客环保,2012-05-29,7.7714,7.7201,7.8312,7.6346,7.6859,7573919,68386863.1,-0.0855,-1.1001,9.0293,4.1952,1623041016.11,N/A,2157082265.9,180538489,0,239942410,93.0142,2.9291,1.1619,-30.0626,
002015.SZ,霞客环保,2012-05-30,7.6859,7.6688,7.8483,7.6175,7.7286,7264935,65937367.2,0.0427,0.5562,9.0761,4.024,1632067940.56,N/A,2169079386.4,180538489,0,239942410,93.5315,2.9454,1.1684,-30.2298,
002015.SZ,霞客环保,2012-05-31,7.7286,7.7628,7.8312,7.5234,7.5491,6788589,61246266.6,-0.1795,-2.323,9.0219,3.7602,1594154857.87,N/A,2118691480.3,180538489,0,239942410,91.3587,2.877,1.1413,-29.5276,
002015.SZ,霞客环保,2012-06-01,7.5491,7.5747,7.6004,7.4465,7.5405,3672417,32256500.9,-0.0085,-0.1133,8.7835,2.0341,1592349472.98,N/A,2116292056.2,180538489,0,239942410,91.2553,2.8737,1.14,-29.4941,
002015.SZ,霞客环保,2012-06-04,7.5405,7.4037,7.4636,7.096,7.1302,4487321,38241224.2,-0.4104,-5.4422,8.5221,2.4855,1505690998.26,N/A,2001119699.4,180538489,0,239942410,86.289,2.7173,1.0779,-27.889,
002015.SZ,霞客环保,2012-06-05,7.1302,7.1644,7.1815,7.0789,7.1131,2011902,16783013.1,-0.0171,-0.2398,8.3419,1.1144,1502080228.48,N/A,1996320851.2,180538489,0,239942410,86.0821,2.7108,1.0753,-27.8221,
002015.SZ,霞客环保,2012-06-06,7.1131,7.1131,7.1815,7.0618,7.0789,1549000,12896601.2,-0.0342,-0.4808,8.3258,0.858,1494858688.92,N/A,1986723154.8,180538489,0,239942410,85.6682,2.6978,1.0702,-27.6884,
002015.SZ,霞客环保,2012-06-07,7.0789,7.1302,7.2156,6.9848,6.9934,2530196,21029622.9,-0.0855,-1.2077,8.3115,1.4015,1476804840.02,N/A,1962728913.8,180538489,0,239942410,84.6336,2.6652,1.0573,-27.354,
002015.SZ,霞客环保,2012-06-08,6.9934,7.0703,7.096,6.9592,7.0361,1841914,15140784.4,0.0427,0.6112,8.2201,1.0202,1485831764.47,N/A,1974726034.3,180538489,0,239942410,85.1509,2.6815,1.0637,-27.5212,
002015.SZ,霞客环保,2012-06-11,7.0361,7.019,7.4721,7.019,7.4379,4403925,37329329.9,0.4018,5.7108,8.4764,2.4393,1570684854.3,N/A,2087498967,180538489,0,239942410,90.0137,2.8346,1.1245,-29.0929,
002015.SZ,霞客环保,2012-06-12,7.4379,7.3781,7.3781,7.1302,7.2156,3564936,30086595.7,-0.2223,-2.9885,8.4396,1.9746,1523744847.16,N/A,2025113940.4,180538489,0,239942410,87.3236,2.7499,1.0909,-28.2234,
002015.SZ,霞客环保,2012-06-13,7.2156,7.1985,7.3268,7.1815,7.2755,2345033,19907800.2,0.0598,0.8294,8.4893,1.2989,1536382541.39,N/A,2041909909.1,180538489,0,239942410,88.0479,2.7727,1.0999,-28.4575,
002015.SZ,霞客环保,2012-06-14,7.2755,7.2327,7.2669,7.096,7.1131,2724549,22859885.5,-0.1624,-2.2327,8.3903,1.5091,1502080228.48,N/A,1996320851.2,180538489,0,239942410,86.0821,2.7108,1.0753,-27.8221,
002015.SZ,霞客环保,2012-06-15,7.1131,7.1473,7.2156,7.0276,7.2071,2301919,19186552.3,0.094,1.3221,8.335,1.275,1521939462.27,N/A,2022714516.3,180538489,0,239942410,87.2202,2.7466,1.0896,-28.19,
002015.SZ,霞客环保,2012-06-18,7.2071,7.1985,7.3353,7.1473,7.2498,2807681,23812352.2,0.0427,0.5931,8.4811,1.5552,1530966386.72,N/A,2034711636.8,180538489,0,239942410,87.7375,2.7629,1.096,-28.3572,
002015.SZ,霞客环保,2012-06-19,7.2498,7.2242,7.2413,7.1045,7.1387,2108434,17654519.7,-0.1111,-1.533,8.3733,1.1679,1507496383.15,N/A,2003519123.5,180538489,0,239942410,86.3925,2.7206,1.0792,-27.9224,
002015.SZ,霞客环保,2012-06-20,7.1387,7.1473,7.2413,7.0789,7.1045,1374356,11475499.8,-0.0342,-0.479,8.3497,0.7613,1500274843.59,N/A,1993921427.1,180538489,0,239942410,85.9786,2.7075,1.0741,-27.7887,
002015.SZ,霞客环保,2012-06-21,7.1045,7.096,7.096,6.8737,6.925,2871253,23293410.6,-0.1795,-2.5271,8.1126,1.5904,1462361760.9,N/A,1943533521,180538489,0,239942410,83.8059,2.6391,1.0469,-27.0864,
002015.SZ,霞客环保,2012-06-25,6.925,6.8908,6.8908,6.7027,6.7198,1929988,15393108.3,-0.2052,-2.963,7.9758,1.069,1419032523.54,N/A,1885947342.6,180538489,0,239942410,81.3227,2.5609,1.0159,-26.2839,
002015.SZ,霞客环保,2012-06-26,6.7198,6.7112,6.8395,6.677,6.7882,1220744,9655780.9,0.0684,1.0178,7.9098,0.6762,1433475602.66,N/A,1905142735.4,180538489,0,239942410,82.1504,2.587,1.0262,-26.5514,
002015.SZ,霞客环保,2012-06-27,6.7882,6.8138,6.8566,6.7112,6.7283,1181280,9374990,-0.0598,-0.8816,7.9363,0.6543,1420837908.43,N/A,1888346766.7,180538489,0,239942410,81.4262,2.5642,1.0172,-26.3173,
002015.SZ,霞客环保,2012-06-28,6.7283,6.7027,6.7711,6.583,6.583,1071901,8378208,-0.1453,-2.1601,7.8162,0.5937,1390146365.3,N/A,1847556557,180538489,0,239942410,79.6673,2.5088,0.9952,-25.7488,
002015.SZ,霞客环保,2012-06-29,6.583,6.5744,6.6685,6.489,6.6428,1240195,9543552.2,0.0598,0.9091,7.6952,0.6869,1402784059.53,N/A,1864352525.7,180538489,0,239942410,80.3915,2.5316,1.0043,-25.9829,
002015.SZ,霞客环保,2012-07-02,6.6428,6.7369,6.7967,6.6685,6.7027,1381720,10863204.8,0.0598,0.9009,7.8621,0.7596,1426069265.6,N/A,1881148494.4,181896590,0,239942410,81.1158,2.5544,1.0133,-26.217,
002015.SZ,霞客环保,2012-07-03,6.7027,6.7027,6.7369,6.5659,6.6599,1598152,12457723.9,-0.0427,-0.6378,7.7951,0.8786,1416974436.1,N/A,1869151373.9,181896590,0,239942410,80.5985,2.5381,1.0068,-26.0498,
002015.SZ,霞客环保,2012-07-04,6.6599,6.6685,6.7027,6.5915,6.6941,1688648,13142323.2,0.0342,0.5135,7.7827,0.9284,1424250299.7,N/A,1878749070.3,181896590,0,239942410,81.0123,2.5512,1.012,-26.1836,
002015.SZ,霞客环保,2012-07-05,6.6941,6.6941,6.754,6.5146,6.5317,2336074,18108805.7,-0.1624,-2.4266,7.7518,1.2843,1389689947.6,N/A,1833160012.4,181896590,0,239942410,79.0465,2.4892,0.9875,-25.5482,
002015.SZ,霞客环保,2012-07-06,6.5317,6.5317,6.5317,6.5317,6.5317,N/A,N/A,0,0,N/A,N/A,1389689947.6,N/A,1833160012.4,181896590,0,239942410,79.0465,2.4892,0.9875,-25.5482,
002015.SZ,霞客环保,2012-07-09,6.5317,6.5488,6.6172,6.3094,6.3351,2191541,16630322.3,-0.1966,-3.0105,7.5884,1.2048,1347853731.9,N/A,1777973258.1,181896590,0,239942410,76.6668,2.4143,0.9577,-24.7791,
002015.SZ,霞客环保,2012-07-10,6.3351,6.3265,6.3949,6.2496,6.3522,1379468,10174638.3,0.0171,0.2699,7.3758,0.7584,1351491663.7,N/A,1782772106.3,181896590,0,239942410,76.8738,2.4208,0.9603,-24.846,
002015.SZ,霞客环保,2012-07-11,6.3522,6.3351,6.4206,6.2923,6.4035,1033981,7683726.3,0.0513,0.8075,7.4312,0.5684,1362405459.1,N/A,1797168650.9,181896590,0,239942410,77.4945,2.4404,0.9681,-25.0466,
002015.SZ,霞客环保,2012-07-12,6.4035,6.412,6.5488,6.4035,6.4804,1906524,14440063.4,0.0769,1.2016,7.574,1.0481,1378776152.2,N/A,1818763467.8,181896590,0,239942410,78.4257,2.4697,0.9797,-25.3476,
002015.SZ,霞客环保,2012-07-13,6.4804,6.4804,6.4804,6.3436,6.3522,1365241,10199912.1,-0.1282,-1.9789,7.4711,0.7506,1351491663.7,N/A,1782772106.3,181896590,0,239942410,76.8738,2.4208,0.9603,-24.846,
002015.SZ,霞客环保,2012-07-16,6.3522,6.3607,6.3864,5.9845,6.0444,2120698,15149367.5,-0.3078,-4.8452,7.1436,1.1659,1286008891.3,N/A,1696392838.7,181896590,0,239942410,73.1491,2.3035,0.9138,-23.6421,
002015.SZ,霞客环保,2012-07-17,6.0444,6.0358,6.1641,5.9845,6.147,988106,7028584,0.1026,1.6973,7.1132,0.5432,1307836482.1,N/A,1725185927.9,181896590,0,239942410,74.3906,2.3426,0.9293,-24.0434,
002015.SZ,霞客环保,2012-07-18,6.147,6.1299,6.1983,6.0615,6.1897,674959,4845353.4,0.0427,0.6954,7.1787,0.3711,1316931311.6,N/A,1737183048.4,181896590,0,239942410,74.9079,2.3589,0.9358,-24.2106,
002015.SZ,霞客环保,2012-07-19,6.1897,6.2239,6.2923,6.1299,6.2154,1482073,10808774.1,0.0256,0.4144,7.293,0.8148,1322388209.3,N/A,1744381320.7,181896590,0,239942410,75.2183,2.3687,0.9396,-24.3109,
002015.SZ,霞客环保,2012-07-20,6.2154,6.1897,6.3094,6.1641,6.1897,1606749,11702646.2,-0.0256,-0.4127,7.2834,0.8833,1316931311.6,N/A,1737183048.4,181896590,0,239942410,74.9079,2.3589,0.9358,-24.2106,
002015.SZ,霞客环保,2012-07-23,6.1897,6.1812,6.1983,6.0529,6.1812,956508,6844540.9,-0.0085,-0.1381,7.1558,0.5259,1315112345.7,N/A,1734783624.3,181896590,0,239942410,74.8045,2.3557,0.9345,-24.1772,
002015.SZ,霞客环保,2012-07-24,6.1812,6.1384,6.2496,6.1128,6.2239,778870,5656400.8,0.0427,0.6916,7.2623,0.4282,1324207175.2,N/A,1746780744.8,181896590,0,239942410,75.3218,2.372,0.9409,-24.3444,
002015.SZ,霞客环保,2012-07-25,6.2239,6.2239,6.3009,6.1726,6.1812,1185807,8634149.9,-0.0427,-0.6868,7.2812,0.6519,1315112345.7,N/A,1734783624.3,181896590,0,239942410,74.8045,2.3557,0.9345,-24.1772,
002015.SZ,霞客环保,2012-07-26,6.1812,6.1555,6.2068,6.0786,6.0957,904606,6501401.3,-0.0855,-1.3831,7.187,0.4973,1296922686.7,N/A,1710789383.3,181896590,0,239942410,73.7698,2.3231,0.9215,-23.8428,
002015.SZ,霞客环保,2012-07-27,6.0957,6.1042,6.1384,5.9845,6.1128,1044837,7420253.1,0.0171,0.2805,7.1018,0.5744,1300560618.5,N/A,1715588231.5,181896590,0,239942410,73.9768,2.3296,0.9241,-23.9096,
002015.SZ,霞客环保,2012-07-30,6.1128,6.1213,6.1384,5.8307,5.899,1810838,12620532.6,-0.2137,-3.4965,6.9694,0.9955,1255086471,N/A,1655602629,181896590,0,239942410,71.3902,2.2481,0.8918,-23.0736,
002015.SZ,霞客环保,2012-07-31,5.899,5.899,5.9332,5.6511,5.6597,1269285,8504461.4,-0.2394,-4.058,6.7002,0.6978,1204155425.8,N/A,1588418754.2,181896590,0,239942410,68.4932,2.1569,0.8556,-22.1373,
002015.SZ,霞客环保,2012-08-01,5.6597,5.6768,5.805,5.6597,5.7452,801784,5387352.9,0.0855,1.5106,6.7192,0.4408,1222345084.8,N/A,1612412995.2,181896590,0,239942410,69.5278,2.1895,0.8685,-22.4717,
002015.SZ,霞客环保,2012-08-02,5.7452,5.7281,5.7537,5.6255,5.7024,1195925,7972813,-0.0427,-0.744,6.6666,0.6575,1213250255.3,N/A,1600415874.7,181896590,0,239942410,69.0105,2.1732,0.8621,-22.3045,
002015.SZ,霞客环保,2012-08-03,5.7024,5.7452,5.7965,5.6597,5.7965,1072239,7211908.8,0.094,1.6492,6.726,0.5895,1233258880.2,N/A,1626809539.8,181896590,0,239942410,70.1486,2.209,0.8763,-22.6724,
002015.SZ,霞客环保,2012-08-06,5.7965,5.7965,5.9418,5.7452,5.9247,1618973,11099856.7,0.1282,2.2124,6.8561,0.8901,1260543368.7,N/A,1662800901.3,181896590,0,239942410,71.7006,2.2579,0.8957,-23.174,
002015.SZ,霞客环保,2012-08-07,5.9247,5.9247,6.0358,5.9247,5.9674,1701831,11883444.8,0.0427,0.7215,6.9827,0.9356,1269638198.2,N/A,1674798021.8,181896590,0,239942410,72.2179,2.2742,0.9022,-23.3412,
002015.SZ,霞客环保,2012-08-08,5.9674,5.9674,6.0273,5.9161,5.976,1533321,10698204.2,0.0085,0.1433,6.9771,0.843,1271457164.1,N/A,1677197445.9,181896590,0,239942410,72.3213,2.2775,0.9034,-23.3746,
002015.SZ,霞客环保,2012-08-09,5.976,5.9674,6.0444,5.9247,6.0358,1525037,10700097.3,0.0598,1.0014,7.0163,0.8384,1284189925.4,N/A,1693993414.6,181896590,0,239942410,73.0456,2.3003,0.9125,-23.6087,
002015.SZ,霞客环保,2012-08-10,6.0358,6.0273,6.1983,6.0016,6.1213,2579065,18412011,0.0855,1.4164,7.139,1.4179,1302379584.4,N/A,1717987655.6,181896590,0,239942410,74.0802,2.3329,0.9254,-23.9431,
002015.SZ,霞客环保,2012-08-13,6.1213,6.0786,6.1042,5.8649,5.8649,2129699,14930786.7,-0.2565,-4.1899,7.0107,1.1708,1247810607.4,N/A,1646004932.6,181896590,0,239942410,70.9763,2.2351,0.8866,-22.9399,
002015.SZ,霞客环保,2012-08-14,5.8649,5.8478,5.9674,5.7708,5.9589,1045738,7195496.1,0.094,1.6035,6.8808,0.5749,1267819232.3,N/A,1672398597.7,181896590,0,239942410,72.1144,2.2709,0.9009,-23.3077,
002015.SZ,霞客环保,2012-08-15,5.9589,5.8905,6.0016,5.8905,5.9247,855680,5946554.5,-0.0342,-0.5739,6.9495,0.4704,1260543368.7,N/A,1662800901.3,181896590,0,239942410,71.7006,2.2579,0.8957,-23.174,
002015.SZ,霞客环保,2012-08-16,5.9247,5.9161,5.9418,5.7965,5.7965,1041820,7140406.9,-0.1282,-2.1645,6.8538,0.5728,1233258880.2,N/A,1626809539.8,181896590,0,239942410,70.1486,2.209,0.8763,-22.6724,
002015.SZ,霞客环保,2012-08-17,5.7965,5.7537,5.882,5.7537,5.8734,856468,5841603.5,0.0769,1.3274,6.8206,0.4709,1249629573.3,N/A,1648404356.7,181896590,0,239942410,71.0798,2.2384,0.8879,-22.9733,
002015.SZ,霞客环保,2012-08-20,5.8734,5.8136,5.8905,5.7708,5.8905,757232,5162796.2,0.0171,0.2911,6.818,0.4163,1253267505.1,N/A,1653203204.9,181896590,0,239942410,71.2867,2.2449,0.8905,-23.0402,
002015.SZ,霞客环保,2012-08-21,5.8905,5.8905,6.0529,5.8392,6.0358,1969047,13760483.7,0.1453,2.4673,6.9884,1.0825,1284189925.4,N/A,1693993414.6,181896590,0,239942410,73.0456,2.3003,0.9125,-23.6087,
002015.SZ,霞客环保,2012-08-22,6.0358,6.0615,6.2667,6.0444,6.07,3938483,28392724.3,0.0342,0.5666,7.2091,2.1652,1291465789,N/A,1703591111,181896590,0,239942410,73.4595,2.3133,0.9177,-23.7424,
002015.SZ,霞客环保,2012-08-23,6.07,6.07,6.1299,5.9845,6.1128,1721362,12205352.9,0.0427,0.7042,7.0905,0.9463,1300560618.5,N/A,1715588231.5,181896590,0,239942410,73.9768,2.3296,0.9241,-23.9096,
002015.SZ,霞客环保,2012-08-24,6.1128,6.0871,6.1042,5.9589,6.0016,1131159,7944136,-0.1111,-1.8182,7.023,0.6219,1276914061.8,N/A,1684395718.2,181896590,0,239942410,72.6317,2.2872,0.9073,-23.4749,
002015.SZ,霞客环保,2012-08-27,6.0016,5.9845,6.0016,5.8478,5.882,1180487,8182263,-0.1197,-1.9943,6.9313,0.649,1251448539.2,N/A,1650803780.8,181896590,0,239942410,71.1832,2.2416,0.8892,-23.0068,
002015.SZ,霞客环保,2012-08-28,5.882,5.882,5.9418,5.7623,5.8905,1012284,6929324.7,0.0085,0.1453,6.8452,0.5565,1253267505.1,N/A,1653203204.9,181896590,0,239942410,71.2867,2.2449,0.8905,-23.0402,
002015.SZ,霞客环保,2012-08-29,5.8905,5.8478,5.9247,5.7794,5.8478,988226,6784557.3,-0.0427,-0.7257,6.8654,0.5433,1244172675.6,N/A,1641206084.4,181896590,0,239942410,70.7694,2.2286,0.8841,-22.873,
002015.SZ,霞客环保,2012-08-30,5.8478,5.8478,5.899,5.6426,5.6768,1357046,9150084.5,-0.171,-2.924,6.7426,0.7461,1207793357.6,N/A,1593217602.4,181896590,0,239942410,68.7001,2.1634,0.8582,-22.2042,
002015.SZ,霞客环保,2012-08-31,5.6768,5.6853,5.7623,5.6426,5.7281,842979,5620082.5,0.0513,0.9036,6.6669,0.4634,1218707153,N/A,1607614147,181896590,0,239942410,69.3209,2.183,0.866,-22.4048,
002015.SZ,霞客环保,2012-09-03,5.7281,5.7195,5.8307,5.6597,5.7879,1136493,7665851.2,0.0598,1.0448,6.7452,0.6248,1231439914.3,N/A,1624410115.7,181896590,0,239942410,70.0451,2.2058,0.875,-22.6389,
002015.SZ,霞客环保,2012-09-04,5.7879,5.7879,6.3693,5.7623,6.1128,6940727,50138616.1,0.3249,5.613,7.2238,3.6019,1377780618.5,N/A,1715588231.5,192696590,0,239942410,73.9768,2.3296,0.9241,-23.9096,
002015.SZ,霞客环保,2012-09-05,6.1128,6.0016,6.1213,5.9332,6.07,3976653,28072847.3,-0.0427,-0.6993,7.0594,2.0637,1368145789,N/A,1703591111,192696590,0,239942410,73.4595,2.3133,0.9177,-23.7424,
002015.SZ,霞客环保,2012-09-06,6.07,6.0187,6.147,6.0016,6.1128,2242925,15957472.4,0.0427,0.7042,7.1146,1.164,1377780618.5,N/A,1715588231.5,192696590,0,239942410,73.9768,2.3296,0.9241,-23.9096,
002015.SZ,霞客环保,2012-09-07,6.1128,6.1812,6.5403,6.1213,6.3778,7514370,55458540.4,0.265,4.3357,7.3803,3.8996,1437516561.4,N/A,1789970378.6,192696590,0,239942410,77.1842,2.4306,0.9642,-24.9463,
002015.SZ,霞客环保,2012-09-10,6.3778,6.3778,6.3778,6.241,6.3265,4007770,29565570.6,-0.0513,-0.8043,7.3771,2.0798,1425954766,N/A,1775573834,192696590,0,239942410,76.5634,2.411,0.9564,-24.7456,
002015.SZ,霞客环保,2012-09-11,6.3265,6.3009,6.3094,6.1983,6.2496,2379504,17379007.6,-0.0769,-1.2162,7.3036,1.2348,1408612072.9,N/A,1753979017.1,192696590,0,239942410,75.6322,2.3817,0.9448,-24.4447,
002015.SZ,霞客环保,2012-09-12,6.2496,6.2838,6.318,6.1812,6.3094,3203086,23450423.2,0.0598,0.9576,7.3212,1.6622,1422100834.2,N/A,1770774985.8,192696590,0,239942410,76.3564,2.4045,0.9539,-24.6788,
002015.SZ,霞客环保,2012-09-13,6.3094,6.2752,6.3094,6.1555,6.1555,2397160,17457920.3,-0.1539,-2.439,7.2828,1.244,1387415448,N/A,1727585352,192696590,0,239942410,74.4941,2.3459,0.9306,-24.0768,
002015.SZ,霞客环保,2012-09-14,6.1555,6.1812,6.2239,6.07,6.147,1921605,13854871.3,-0.0085,-0.1389,7.2101,0.9972,1385488482.1,N/A,1725185927.9,192696590,0,239942410,74.3906,2.3426,0.9293,-24.0434,
002015.SZ,霞客环保,2012-09-17,6.147,6.1384,6.2752,5.9845,6.0358,2175295,15697927.7,-0.1111,-1.8081,7.2165,1.1289,1360437925.4,N/A,1693993414.6,192696590,0,239942410,73.0456,2.3003,0.9125,-23.6087,
002015.SZ,霞客环保,2012-09-18,6.0358,6.0358,6.0957,5.9931,6.0358,1137529,8035225.5,0,0,7.0638,0.5903,1360437925.4,N/A,1693993414.6,192696590,0,239942410,73.0456,2.3003,0.9125,-23.6087,
002015.SZ,霞客环保,2012-09-19,6.0358,6.0187,6.1299,6.0187,6.1299,1326641,9427389.5,0.094,1.5581,7.1062,0.6885,1381634550.3,N/A,1720387079.7,192696590,0,239942410,74.1837,2.3361,0.9267,-23.9765,
002015.SZ,霞客环保,2012-09-20,6.1299,6.1299,6.1299,5.805,5.8136,1917110,13317516.7,-0.3163,-5.1604,6.9467,0.9949,1310336812,N/A,1631608388,192696590,0,239942410,70.3555,2.2156,0.8789,-22.7392,
002015.SZ,霞客环保,2012-09-21,5.8136,5.7708,5.8649,5.7281,5.7794,1063945,7231417.2,-0.0342,-0.5882,6.7968,0.5521,1302628948.4,N/A,1622010691.6,192696590,0,239942410,69.9417,2.2025,0.8737,-22.6055,
002015.SZ,霞客环保,2012-09-24,5.7794,5.7708,5.8734,5.7195,5.8478,900571,6116737.9,0.0684,1.1834,6.7921,0.4674,1318044675.6,N/A,1641206084.4,192696590,0,239942410,70.7694,2.2286,0.8841,-22.873,
002015.SZ,霞客环保,2012-09-25,5.8478,5.8478,5.8734,5.7708,5.805,698753,4751956.8,-0.0427,-0.731,6.8006,0.3626,1308409846.1,N/A,1629208963.9,192696590,0,239942410,70.2521,2.2123,0.8776,-22.7058,
002015.SZ,霞客环保,2012-09-26,5.805,5.7452,5.805,5.634,5.6597,1229249,8158205.6,-0.1453,-2.5037,6.6367,0.6379,1275651425.8,N/A,1588418754.2,192696590,0,239942410,68.4932,2.1569,0.8556,-22.1373,
002015.SZ,霞客环保,2012-09-27,5.6597,5.6682,5.8307,5.6597,5.7623,1133629,7633071.6,0.1026,1.8127,6.7333,0.5883,1298775016.6,N/A,1617211843.4,192696590,0,239942410,69.7347,2.196,0.8711,-22.5386,
002015.SZ,霞客环保,2012-09-28,5.7623,5.7708,5.9076,5.7452,5.8649,1206545,8267938,0.1026,1.7804,6.8526,0.6261,1321898607.4,N/A,1646004932.6,192696590,0,239942410,70.9763,2.2351,0.8866,-22.9399,
002015.SZ,霞客环保,2012-10-08,5.8649,5.8307,5.9076,5.8221,5.8478,728810,4999513.2,-0.0171,-0.2915,6.8598,0.3782,1318044675.6,N/A,1641206084.4,192696590,0,239942410,70.7694,2.2286,0.8841,-22.873,
002015.SZ,霞客环保,2012-10-09,5.8478,5.8307,5.9931,5.8307,5.976,1916108,13315969.7,0.1282,2.193,6.9495,0.9944,1346949164.1,N/A,1677197445.9,192696590,0,239942410,72.3213,2.2775,0.9034,-23.3746,
002015.SZ,霞客环保,2012-10-10,5.976,5.9247,6.1128,5.9247,6.0444,1697907,11996991.7,0.0684,1.1445,7.0658,0.8811,1362364891.3,N/A,1696392838.7,192696590,0,239942410,73.1491,2.3035,0.9138,-23.6421,
002015.SZ,霞客环保,2012-10-11,6.0444,6.0444,6.07,5.8905,5.899,1775010,12412622,-0.1453,-2.4045,6.993,0.9211,1329606471,N/A,1655602629,192696590,0,239942410,71.3902,2.2481,0.8918,-23.0736,
002015.SZ,霞客环保,2012-10-12,5.899,5.9503,6.0016,5.8307,5.9161,1269814,8784621.5,0.0171,0.2899,6.918,0.659,1333460402.8,N/A,1660401477.2,192696590,0,239942410,71.5971,2.2547,0.8944,-23.1405,
002015.SZ,霞客环保,2012-10-15,5.9161,5.8905,5.9589,5.8563,5.9076,810437,5592548,-0.0085,-0.1445,6.9007,0.4206,1331533436.9,N/A,1658002053.1,192696590,0,239942410,71.4936,2.2514,0.8931,-23.1071,
002015.SZ,霞客环保,2012-10-16,5.9076,5.9418,6.07,5.9332,5.976,1956672,13750063.8,0.0684,1.1577,7.0273,1.0154,1346949164.1,N/A,1677197445.9,192696590,0,239942410,72.3213,2.2775,0.9034,-23.3746,
002015.SZ,霞客环保,2012-10-17,5.976,5.9674,6.0358,5.9503,5.9845,1551900,10890361.2,0.0085,0.1431,7.0174,0.8054,1348876130,N/A,1679596870,192696590,0,239942410,72.4248,2.2807,0.9047,-23.408,
002015.SZ,霞客环保,2012-10-18,5.9845,6.0529,6.0957,5.9845,6.0529,1886868,13338442.5,0.0684,1.1429,7.0691,0.9792,1364291857.2,N/A,1698792262.8,192696590,0,239942410,73.2525,2.3068,0.9151,-23.6756,
002015.SZ,霞客环保,2012-10-19,6.0529,6.0529,6.0957,6.0016,6.0358,1291691,9130495.7,-0.0171,-0.2825,7.0686,0.6703,1360437925.4,N/A,1693993414.6,192696590,0,239942410,73.0456,2.3003,0.9125,-23.6087,
002015.SZ,霞客环保,2012-10-22,6.0358,6.0016,6.0358,5.976,6.0273,1422399,10009377,-0.0085,-0.1416,7.037,0.7382,1358510959.5,N/A,1691593990.5,192696590,0,239942410,72.9421,2.297,0.9112,-23.5752,
002015.SZ,霞客环保,2012-10-23,6.0273,6.0016,6.1042,5.9503,6.0016,2717449,19148272.5,-0.0256,-0.4255,7.0464,1.4102,1352730061.8,N/A,1684395718.2,192696590,0,239942410,72.6317,2.2872,0.9073,-23.4749,
002015.SZ,霞客环保,2012-10-24,6.0016,5.9332,5.9674,5.8649,5.882,1602224,11073518.7,-0.1197,-1.9943,6.9113,0.8315,1325752539.2,N/A,1650803780.8,192696590,0,239942410,71.1832,2.2416,0.8892,-23.0068,
002015.SZ,霞客环保,2012-10-25,5.882,5.8649,5.9161,5.7195,5.7879,1789927,12197093.2,-0.094,-1.5988,6.8143,0.9289,1304555914.3,N/A,1624410115.7,192696590,0,239942410,70.0451,2.2058,0.875,-22.6389,
002015.SZ,霞客环保,2012-10-26,5.7879,5.7879,5.7879,5.6255,5.6682,1853712,12295052.3,-0.1197,-2.0679,6.6327,0.962,1277578391.7,N/A,1590818178.3,192696590,0,239942410,68.5966,2.1602,0.8569,-22.1708,
002015.SZ,霞客环保,2012-10-29,5.6682,5.6426,5.711,5.634,5.6768,825966,5475701.6,0.0085,0.1508,6.6295,0.4286,1279505357.6,N/A,1593217602.4,192696590,0,239942410,68.7001,2.1634,0.8582,-22.2042,
002015.SZ,霞客环保,2012-10-30,5.6768,5.6768,5.7537,5.6511,5.711,587014,3914442,0.0342,0.6024,6.6684,0.3046,1287213221.2,N/A,1602815298.8,192696590,0,239942410,69.114,2.1765,0.8634,-22.338,
002015.SZ,霞客环保,2012-10-31,5.711,5.6853,5.7195,5.5742,5.6597,844428,5571754.1,-0.0513,-0.8982,6.5983,0.4382,1275651425.8,N/A,1588418754.2,192696590,0,239942410,68.4932,2.1569,0.8556,-22.1373,
002015.SZ,霞客环保,2012-11-01,5.6597,5.6853,5.7965,5.6853,5.7537,1432119,9613782.8,0.094,1.6616,6.713,0.7432,1296848050.7,N/A,1614812419.3,192696590,0,239942410,69.6313,2.1928,0.8698,-22.5052,
002015.SZ,霞客环保,2012-11-02,5.7537,5.7623,5.805,5.7195,5.7794,808852,5450859,0.0256,0.4458,6.739,0.4198,1302628948.4,N/A,1622010691.6,192696590,0,239942410,69.9417,2.2025,0.8737,-22.6055,
002015.SZ,霞客环保,2012-11-05,5.7794,5.7794,5.805,5.7195,5.7452,891230,5994764.4,-0.0342,-0.5917,6.7264,0.4625,1294921084.8,N/A,1612412995.2,192696590,0,239942410,69.5278,2.1895,0.8685,-22.4717,
002015.SZ,霞客环保,2012-11-06,5.7452,5.7537,5.7537,5.6255,5.711,1026667,6823008.5,-0.0342,-0.5952,6.6458,0.5328,1287213221.2,N/A,1602815298.8,192696590,0,239942410,69.114,2.1765,0.8634,-22.338,
002015.SZ,霞客环保,2012-11-07,5.711,5.6511,5.7281,5.6511,5.6939,567385,3777668.5,-0.0171,-0.2994,6.658,0.2944,1283359289.4,N/A,1598016450.6,192696590,0,239942410,68.907,2.1699,0.8608,-22.2711,
002015.SZ,霞客环保,2012-11-08,5.6939,5.6768,5.6768,5.4545,5.4545,1292406,8420595.7,-0.2394,-4.2042,6.5154,0.6707,1229404244.2,N/A,1530832575.8,192696590,0,239942410,66.01,2.0787,0.8246,-21.3348,
002015.SZ,霞客环保,2012-11-09,5.4545,5.4545,5.4887,5.3604,5.3775,971947,6159365.1,-0.0769,-1.4107,6.3371,0.5044,1212061551.1,N/A,1509237758.9,192696590,0,239942410,65.0789,2.0494,0.813,-21.0338,
002015.SZ,霞客环保,2012-11-12,5.3775,5.4032,5.6853,5.4032,5.54,1681862,10924959.8,0.1624,3.0207,6.4958,0.8728,1248673903.2,N/A,1554826816.8,192696590,0,239942410,67.0447,2.1113,0.8375,-21.6692,
002015.SZ,霞客环保,2012-11-13,5.54,5.54,5.54,5.4032,5.4545,1124002,7171747.1,-0.0855,-1.5432,6.3805,0.5833,1229404244.2,N/A,1530832575.8,192696590,0,239942410,66.01,2.0787,0.8246,-21.3348,
002015.SZ,霞客环保,2012-11-14,5.4545,5.4288,5.7452,5.3861,5.6939,4372565,28848288.6,0.2394,4.3887,6.5976,2.2691,1283359289.4,N/A,1598016450.6,192696590,0,239942410,68.907,2.1699,0.8608,-22.2711,
002015.SZ,霞客环保,2012-11-15,5.6939,5.634,5.6939,5.5058,5.5143,2653595,17375330.5,-0.1795,-3.1532,6.5478,1.3771,1242893005.5,N/A,1547628544.5,192696590,0,239942410,66.7343,2.1015,0.8337,-21.5688,
002015.SZ,霞客环保,2012-11-16,5.5143,5.5571,5.8392,5.5571,5.6426,3894123,25853553.7,0.1282,2.3256,6.6391,2.0209,1271797494,N/A,1583619906,192696590,0,239942410,68.2863,2.1504,0.853,-22.0704,
002015.SZ,霞客环保,2012-11-19,5.6426,5.5656,5.7708,5.4288,5.711,3513569,23247068,0.0684,1.2121,6.6164,1.8234,1287213221.2,N/A,1602815298.8,192696590,0,239942410,69.114,2.1765,0.8634,-22.338,
002015.SZ,霞客环保,2012-11-20,5.711,5.7024,5.7794,5.6169,5.6768,3066259,20448467.7,-0.0342,-0.5988,6.6689,1.5912,1279505357.6,N/A,1593217602.4,192696590,0,239942410,68.7001,2.1634,0.8582,-22.2042,
002015.SZ,霞客环保,2012-11-21,5.6768,5.6597,5.6853,5.4972,5.634,1792798,11729356.1,-0.0427,-0.753,6.5425,0.9304,1269870528.1,N/A,1581220481.9,192696590,0,239942410,68.1828,2.1471,0.8517,-22.037,
002015.SZ,霞客环保,2012-11-22,5.634,5.6597,5.6768,5.5058,5.5058,1698209,11120501.1,-0.1282,-2.2762,6.5484,0.8813,1240966039.6,N/A,1545229120.4,192696590,0,239942410,66.6308,2.0983,0.8324,-21.5354,
002015.SZ,霞客环保,2012-11-23,5.5058,5.5229,5.5229,5.4374,5.4459,1395968,8932292.7,-0.0598,-1.087,6.3986,0.7244,1227477278.3,N/A,1528433151.7,192696590,0,239942410,65.9066,2.0755,0.8233,-21.3013,
002015.SZ,霞客环保,2012-11-26,5.4459,5.4374,5.4801,5.4203,5.4374,948049,6030935.9,-0.0085,-0.157,6.3614,0.492,1225550312.4,N/A,1526033727.6,192696590,0,239942410,65.8031,2.0722,0.822,-21.2679,
002015.SZ,霞客环保,2012-11-27,5.4374,5.3775,5.4459,5.027,5.0527,2501242,15183183,-0.3847,-7.0755,6.0703,1.298,1138836846.9,N/A,1418059643.1,192696590,0,239942410,61.1472,1.9256,0.7639,-19.7631,
002015.SZ,霞客环保,2012-11-28,5.0527,5.0441,5.1382,4.9159,4.9244,902655,5261765.6,-0.1282,-2.5381,5.8292,0.4684,1109932358.4,N/A,1382068281.6,192696590,0,239942410,59.5953,1.8767,0.7445,-19.2615,
002015.SZ,霞客环保,2012-11-29,4.9244,5.0099,5.0185,4.7876,4.8047,865881,4967864.6,-0.1197,-2.4306,5.7374,0.4493,1082954835.8,N/A,1348476344.2,192696590,0,239942410,58.1468,1.8311,0.7264,-18.7933,
002015.SZ,霞客环保,2012-11-30,4.8047,4.7876,4.8646,4.7876,4.8304,1065670,6012733.2,0.0256,0.5338,5.6422,0.553,1088735733.5,N/A,1355674616.5,192696590,0,239942410,58.4572,1.8409,0.7303,-18.8936,
002015.SZ,霞客环保,2012-12-03,4.8304,4.8475,4.8475,4.6166,4.6252,999009,5534840,-0.2052,-4.2478,5.5403,0.5184,1042488551.9,N/A,1298088438.1,192696590,0,239942410,55.974,1.7627,0.6992,-18.0911,
002015.SZ,霞客环保,2012-12-04,4.6252,4.6337,4.6765,4.5397,4.6765,1165757,6283552,0.0513,1.1091,5.3901,0.605,1054050347.3,N/A,1312484982.7,192696590,0,239942410,56.5948,1.7822,0.707,-18.2917,
002015.SZ,霞客环保,2012-12-05,4.6765,4.6765,4.8988,4.6423,4.8646,2169495,12218633.8,0.1881,4.0219,5.632,1.1259,1096443597.1,N/A,1365272312.9,192696590,0,239942410,58.871,1.8539,0.7354,-19.0274,
002015.SZ,霞客环保,2012-12-06,4.8646,4.8731,4.9159,4.8133,4.8475,1143750,6503910.9,-0.0171,-0.3515,5.6865,0.5935,1092589665.3,N/A,1360473464.7,192696590,0,239942410,58.6641,1.8474,0.7328,-18.9605,
002015.SZ,霞客环保,2012-12-07,4.8475,4.856,5.0014,4.7876,4.9757,1664931,9573120.5,0.1282,2.6455,5.7499,0.864,1121494153.8,N/A,1396464826.2,192696590,0,239942410,60.2161,1.8963,0.7522,-19.4621,
002015.SZ,霞客环保,2012-12-10,4.9757,5.0356,5.0612,4.9415,5.0356,1833680,10743953.3,0.0598,1.2027,5.8592,0.9516,1134982915.1,N/A,1413260794.9,192696590,0,239942410,60.9403,1.9191,0.7613,-19.6962,
002015.SZ,霞客环保,2012-12-11,5.0356,5.0099,5.2749,4.9757,5.1638,3629298,21728758.5,0.1282,2.5467,5.987,1.8834,1163887403.6,N/A,1449252156.4,192696590,0,239942410,62.4923,1.9679,0.7807,-20.1978,
002015.SZ,霞客环保,2012-12-12,5.1638,5.104,5.3091,5.0441,5.292,4208372,25592571.3,0.1282,2.4834,6.0813,2.1839,1192791892.1,N/A,1485243517.9,192696590,0,239942410,64.0442,2.0168,0.8,-20.6994,
002015.SZ,霞客环保,2012-12-13,5.292,5.198,5.2407,5.0185,5.0185,3636114,21758005.6,-0.2736,-5.1696,5.9839,1.887,1131128983.3,N/A,1408461946.7,192696590,0,239942410,60.7334,1.9125,0.7587,-19.6293,
002015.SZ,霞客环保,2012-12-14,5.0185,4.9928,5.2066,4.9843,5.1809,3285294,19772123.5,0.1624,3.2368,6.0184,1.7049,1167741335.4,N/A,1454051004.6,192696590,0,239942410,62.6992,1.9745,0.7832,-20.2647,
002015.SZ,霞客环保,2012-12-17,5.1809,5.1724,5.2322,5.1382,5.1895,2418142,14648232.8,0.0085,0.165,6.0576,1.2549,1169668301.3,N/A,1456450428.7,192696590,0,239942410,62.8027,1.9777,0.7845,-20.2981,
002015.SZ,霞客环保,2012-12-18,5.1895,5.1809,5.2493,5.1211,5.1296,2088729,12666456.5,-0.0598,-1.1532,6.0642,1.0839,1156179540,N/A,1439654460,192696590,0,239942410,62.0784,1.9549,0.7755,-20.064,
002015.SZ,霞客环保,2012-12-19,5.1296,5.1296,5.2151,5.1296,5.1724,1291847,7820291.1,0.0427,0.8333,6.0536,0.6704,1165814369.5,N/A,1451651580.5,192696590,0,239942410,62.5957,1.9712,0.782,-20.2312,
002015.SZ,霞客环保,2012-12-20,5.1724,5.1724,5.198,5.0527,5.1125,1848121,11047903.3,-0.0598,-1.157,5.9779,0.9591,1152325608.2,N/A,1434855611.8,192696590,0,239942410,61.8715,1.9484,0.7729,-19.9972,
002015.SZ,霞客环保,2012-12-21,5.1125,5.1125,5.1895,5.0356,5.0783,1752875,10463244.2,-0.0342,-0.6689,5.9692,0.9097,1144617744.6,N/A,1425257915.4,192696590,0,239942410,61.4576,1.9354,0.7677,-19.8634,
002015.SZ,霞客环保,2012-12-24,5.0783,5.0527,5.1296,5.0014,5.0954,1193770,7087305.3,0.0171,0.3367,5.9369,0.6195,1148471676.4,N/A,1430056763.6,192696590,0,239942410,61.6646,1.9419,0.7703,-19.9303,
002015.SZ,霞客环保,2012-12-25,5.0954,5.1125,5.2578,5.0612,5.2322,3441479,20950014.2,0.1368,2.6846,6.0875,1.786,1179303130.8,N/A,1468447549.2,192696590,0,239942410,63.32,1.994,0.791,-20.4653,
002015.SZ,霞客环保,2012-12-26,5.2322,5.2151,5.3348,5.2066,5.3006,3939727,24285788.3,0.0684,1.3072,6.1643,2.0445,1194718858,N/A,1487642942,192696590,0,239942410,64.1477,2.0201,0.8013,-20.7328,
002015.SZ,霞客环保,2012-12-27,5.3006,5.3006,5.3348,5.2151,5.2578,2990678,18436348.6,-0.0427,-0.8065,6.1646,1.552,1185084028.5,N/A,1475645821.5,192696590,0,239942410,63.6304,2.0038,0.7949,-20.5656,
002015.SZ,霞客环保,2012-12-28,5.2578,5.2237,5.3433,5.2151,5.3348,3235750,20021157.8,0.0769,1.4634,6.1875,1.6792,1202426721.6,N/A,1497240638.4,192696590,0,239942410,64.5615,2.0331,0.8065,-20.8666,
002015.SZ,霞客环保,2012-12-31,5.3348,5.3348,5.463,5.2749,5.3775,4457037,27999003.2,0.0427,0.8013,6.282,2.3422,1196965551.1,N/A,1509237758.9,190296590,0,239942410,65.0789,2.0494,0.813,-21.0338,
002015.SZ,霞客环保,2013-01-04,5.3775,5.4032,5.4117,5.2493,5.292,2963396,18412776.7,-0.0855,-1.5898,6.2134,1.5573,1177935892.1,N/A,1485243517.9,190296590,0,239942410,215.9101,1.9981,0.8622,-48.1057,
002015.SZ,霞客环保,2013-01-07,5.292,5.3006,5.4203,5.292,5.369,2447415,15346305.5,0.0769,1.454,6.2704,1.2861,1195062585.2,N/A,1506838334.8,190296590,0,239942410,219.0494,2.0272,0.8747,-48.8052,
002015.SZ,霞客环保,2013-01-08,5.369,5.3861,5.5314,5.3604,5.4545,5214085,33210766.7,0.0855,1.5924,6.3694,2.74,1214092244.2,N/A,1530832575.8,190296590,0,239942410,222.5374,2.0595,0.8886,-49.5823,
002015.SZ,霞客环保,2013-01-09,5.4545,5.4459,6.0016,5.4459,6.0016,18547669,128292799.7,0.5472,10.0313,6.9169,9.7467,1335882061.8,N/A,1684395718.2,190296590,0,239942410,244.8609,2.2661,0.9778,-54.5561,
002015.SZ,霞客环保,2013-01-10,6.0016,6.0016,6.1812,5.8221,6.0786,20598366,144295827.9,0.0769,1.2821,7.0052,10.8243,1353008754.9,N/A,1705990535.1,190296590,0,239942410,248.0001,2.2951,0.9903,-55.2555,
002015.SZ,霞客环保,2013-01-11,6.0786,5.9931,6.1897,5.8649,5.9589,13398177,94014911.8,-0.1197,-1.9691,7.017,7.0407,1326367232.3,N/A,1672398597.7,190296590,0,239942410,243.1169,2.2499,0.9708,-54.1675,
002015.SZ,霞客环保,2013-01-14,5.9589,6.0444,6.2667,5.9503,6.1384,13967785,99500938.4,0.1795,3.0129,7.1236,7.34,1366329516.2,N/A,1722786503.8,190296590,0,239942410,250.4418,2.3177,1.0001,-55.7995,
002015.SZ,霞客环保,2013-01-15,6.1384,6.07,6.6685,6.0187,6.3351,17022688,126274832.2,0.1966,3.2033,7.418,8.9453,1410097731.9,N/A,1777973258.1,190296590,0,239942410,258.4643,2.392,1.0321,-57.587,
002015.SZ,霞客环保,2013-01-16,6.3351,6.3094,6.3094,5.9674,6.07,9795053,70146728.9,-0.265,-4.1835,7.1614,5.1473,1351105789,N/A,1703591111,190296590,0,239942410,247.6513,2.2919,0.9889,-55.1778,
002015.SZ,霞客环保,2013-01-17,6.07,6.0529,6.07,5.9076,5.9589,4862744,33918141.5,-0.1111,-1.831,6.9751,2.5554,1326367232.3,N/A,1672398597.7,190296590,0,239942410,243.1169,2.2499,0.9708,-54.1675,
002015.SZ,霞客环保,2013-01-18,5.9589,5.9589,6.0615,5.9589,6.0358,3766665,26520550.3,0.0769,1.2912,7.0409,1.9794,1343493925.4,N/A,1693993414.6,190296590,0,239942410,246.2561,2.279,0.9833,-54.867,
002015.SZ,霞客环保,2013-01-21,6.0358,6.0358,6.1299,5.9845,6.1213,4495387,31960538.7,0.0855,1.4164,7.1096,2.3623,1362523584.4,N/A,1717987655.6,190296590,0,239942410,249.7442,2.3113,0.9973,-55.6441,
002015.SZ,霞客环保,2013-01-22,6.1213,6.1042,6.1042,5.8221,5.8734,3994030,27850892.6,-0.2479,-4.0503,6.9731,2.0988,1307337573.3,N/A,1648404356.7,190296590,0,239942410,239.6288,2.2177,0.9569,-53.3904,
002015.SZ,霞客环保,2013-01-23,5.8734,5.8392,6.0358,5.8136,5.9247,3355238,23255540.7,0.0513,0.8734,6.9311,1.7632,1318755368.7,N/A,1662800901.3,190296590,0,239942410,241.7217,2.237,0.9652,-53.8567,
002015.SZ,霞客环保,2013-01-24,5.9247,5.9332,5.9674,5.6511,5.711,4474292,30471817.5,-0.2137,-3.6075,6.8104,2.3512,1271181221.2,N/A,1602815298.8,190296590,0,239942410,233.0015,2.1563,0.9304,-51.9138,
002015.SZ,霞客环保,2013-01-25,5.711,5.6597,5.8136,5.6597,5.711,2082045,13944312.8,0,0,6.6974,0.9662,1439517221.2,N/A,1602815298.8,215496590,0,239942410,233.0015,2.1563,0.9304,-51.9138,
002015.SZ,霞客环保,2013-01-28,5.711,5.6597,5.8649,5.6597,5.8478,2017745,13677905.2,0.1368,2.3952,6.7788,0.9363,1473996675.6,N/A,1641206084.4,215496590,0,239942410,238.5824,2.208,0.9527,-53.1572,
002015.SZ,霞客环保,2013-01-29,5.8478,5.8478,5.9931,5.8392,5.8905,2880609,19929863.9,0.0427,0.731,6.9186,1.3367,1484771505.1,N/A,1653203204.9,215496590,0,239942410,240.3264,2.2241,0.9597,-53.5458,
002015.SZ,霞客环保,2013-01-30,5.8905,5.8307,5.8478,5.6511,5.805,4317934,29077027.6,-0.0855,-1.4514,6.734,2.0037,1463221846.1,N/A,1629208963.9,215496590,0,239942410,236.8384,2.1918,0.9457,-52.7687,
002015.SZ,霞客环保,2013-01-31,5.805,5.7537,5.8649,5.7452,5.8392,2651469,18021946.5,0.0342,0.5891,6.797,1.2304,1471841709.7,N/A,1638806660.3,215496590,0,239942410,238.2336,2.2047,0.9513,-53.0795,
002015.SZ,霞客环保,2013-02-01,5.8392,5.8136,6.1213,5.7879,5.9589,5334228,37425290.2,0.1197,2.0498,7.0161,2.4753,1502011232.3,N/A,1672398597.7,215496590,0,239942410,243.1169,2.2499,0.9708,-54.1675,
002015.SZ,霞客环保,2013-02-04,5.9589,5.9418,5.976,5.8136,5.8307,3189498,21881808.3,-0.1282,-2.1521,6.8606,1.4801,1469686743.8,N/A,1636407236.2,215496590,0,239942410,237.8848,2.2015,0.9499,-53.0018,
002015.SZ,霞客环保,2013-02-05,5.8307,5.7794,5.8649,5.7024,5.7965,2334918,15774157.2,-0.0342,-0.5865,6.7558,1.0835,1461066880.2,N/A,1626809539.8,215496590,0,239942410,236.4896,2.1886,0.9443,-52.6909,
002015.SZ,霞客环保,2013-02-06,5.7965,5.7965,5.9247,5.7965,5.8649,2150523,14724754.2,0.0684,1.1799,6.8471,0.9979,1478306607.4,N/A,1646004932.6,215496590,0,239942410,239.28,2.2144,0.9555,-53.3127,
002015.SZ,霞客环保,2013-02-07,5.8649,5.8905,5.9845,5.8563,5.9845,3337623,23156096.2,0.1197,2.0408,6.9379,1.5488,1508476130,N/A,1679596870,215496590,0,239942410,244.1633,2.2596,0.975,-54.4007,
002015.SZ,霞客环保,2013-02-08,5.9845,6.0273,6.0358,5.9418,5.9589,2863814,20056088.9,-0.0256,-0.4286,7.0033,1.3289,1502011232.3,N/A,1672398597.7,215496590,0,239942410,243.1169,2.2499,0.9708,-54.1675,
002015.SZ,霞客环保,2013-02-18,5.9589,6.0102,6.1042,5.9332,6.0615,4680658,33016939.3,0.1026,1.7217,7.0539,2.172,1527870823.1,N/A,1701191686.9,215496590,0,239942410,247.3025,2.2887,0.9875,-55.1001,
002015.SZ,霞客环保,2013-02-19,6.0615,6.0957,6.0957,5.882,5.899,3175884,22101766.2,-0.1624,-2.6798,6.9592,1.4738,1486926471,N/A,1655602629,215496590,0,239942410,240.6752,2.2273,0.9611,-53.6235,
002015.SZ,霞客环保,2013-02-20,5.899,5.899,6.1384,5.899,6.1128,7828388,55688365.3,0.2137,3.6232,7.1136,3.6327,1540800618.5,N/A,1715588231.5,215496590,0,239942410,249.3954,2.308,0.9959,-55.5664,
002015.SZ,霞客环保,2013-02-21,6.1128,6.0957,6.0957,5.9332,6.0273,4999411,35250637.5,-0.0855,-1.3986,7.051,2.3199,1519250959.5,N/A,1691593990.5,215496590,0,239942410,245.9073,2.2758,0.9819,-54.7892,
002015.SZ,霞客环保,2013-02-22,6.0273,6.0273,6.0444,5.9161,5.9247,2702511,18901019.7,-0.1026,-1.7021,6.9939,1.2541,1493391368.7,N/A,1662800901.3,215496590,0,239942410,241.7217,2.237,0.9652,-53.8567,
002015.SZ,霞客环保,2013-02-25,5.9247,5.9418,6.4804,5.9418,6.3949,15638611,115003781.8,0.4702,7.9365,7.3538,7.257,1611914493.2,N/A,1794769226.8,215496590,0,239942410,260.9059,2.4146,1.0418,-58.131,
002015.SZ,霞客环保,2013-02-26,6.3949,6.3094,6.3778,6.1384,6.1555,9439690,68776717.2,-0.2394,-3.7433,7.2859,4.3804,1551575448,N/A,1727585352,215496590,0,239942410,251.1394,2.3242,1.0028,-55.955,
002015.SZ,霞客环保,2013-02-27,6.1555,6.1384,6.2838,6.0786,6.1555,4443646,32053726.3,0,0,7.2134,2.062,1551575448,N/A,1727585352,215496590,0,239942410,251.1394,2.3242,1.0028,-55.955,
002015.SZ,霞客环保,2013-02-28,6.1555,6.1555,6.241,6.0273,6.2154,5390998,38835363.8,0.0598,0.9722,7.2037,2.5017,1566660209.3,N/A,1744381320.7,215496590,0,239942410,253.581,2.3468,1.0126,-56.499,
002015.SZ,霞客环保,2013-03-01,6.2154,6.2239,6.6685,6.1726,6.5061,15437675,116922781.9,0.2907,4.6768,7.5739,7.1638,1639929049.9,N/A,1825961740.1,215496590,0,239942410,265.4404,2.4565,1.0599,-59.1413,
002015.SZ,霞客环保,2013-03-04,6.5061,6.4633,7.1558,6.2838,7.0703,33313481,270481060.2,0.5643,8.6728,8.1193,15.4589,1782156799.3,N/A,1984323730.7,215496590,0,239942410,288.4615,2.6696,1.1519,-64.2705,
002015.SZ,霞客环保,2013-03-05,7.0703,6.8566,7.1387,6.7027,7.0105,25022788,202095305,-0.0598,-0.8464,8.0765,11.6117,1767072038,N/A,1967527762,215496590,0,239942410,286.0199,2.647,1.1421,-63.7265,
002015.SZ,霞客环保,2013-03-06,7.0105,6.9164,6.9848,6.754,6.8395,15870434,126569518.9,-0.171,-2.439,7.9752,7.3646,1723972720,N/A,1919539280,215496590,0,239942410,279.0438,2.5824,1.1143,-62.1722,
002015.SZ,霞客环保,2013-03-07,6.8395,6.8053,6.8053,6.4462,6.5317,13540476,104730974.6,-0.3078,-4.5,7.7347,6.2834,1646393947.6,N/A,1833160012.4,215496590,0,239942410,266.4868,2.4662,1.0641,-59.3744,
002015.SZ,霞客环保,2013-03-08,6.5317,6.4975,6.6001,6.3436,6.412,7030618,53153286.3,-0.1197,-1.8325,7.5603,3.2625,1616224425,N/A,1799568075,215496590,0,239942410,261.6035,2.421,1.0446,-58.2864,
002015.SZ,霞客环保,2013-03-11,6.412,6.412,6.583,6.3693,6.4548,5672326,43018635.6,0.0427,0.6667,7.5839,2.6322,1626999254.5,N/A,1811565195.5,215496590,0,239942410,263.3476,2.4372,1.0516,-58.675,
002015.SZ,霞客环保,2013-03-12,6.4548,6.489,6.489,5.9674,6.0786,8572327,61926264.6,-0.3762,-5.8278,7.224,3.9779,1532180754.9,N/A,1705990535.1,215496590,0,239942410,248.0001,2.2951,0.9903,-55.2555,
002015.SZ,霞客环保,2013-03-13,6.0786,6.1042,6.1042,5.9076,5.9674,4231224,29531084.3,-0.1111,-1.8284,6.9793,1.9635,1504166198.2,N/A,1674798021.8,215496590,0,239942410,243.4657,2.2532,0.9722,-54.2452,
002015.SZ,霞客环保,2013-03-14,5.9674,5.9845,6.0957,5.9674,6.0102,3088415,21752714.5,0.0427,0.7163,7.0433,1.4332,1514941027.7,N/A,1686795142.3,215496590,0,239942410,245.2097,2.2693,0.9792,-54.6338,
002015.SZ,霞客环保,2013-03-15,6.0102,6.0102,6.1897,5.9418,6.0273,4343949,30785248.4,0.0171,0.2845,7.0869,2.0158,1519250959.5,N/A,1691593990.5,215496590,0,239942410,245.9073,2.2758,0.9819,-54.7892,
002015.SZ,霞客环保,2013-03-18,6.0273,6.0273,6.147,6.0102,6.0187,4855456,34554472.7,-0.0085,-0.1418,7.1166,2.2531,1517095993.6,N/A,1689194566.4,215496590,0,239942410,245.5585,2.2725,0.9806,-54.7115,
002015.SZ,霞客环保,2013-03-19,6.0187,6.0187,6.07,5.805,5.9589,3420733,23714132.2,-0.0598,-0.9943,6.9325,1.5874,1502011232.3,N/A,1672398597.7,215496590,0,239942410,243.1169,2.2499,0.9708,-54.1675,
002015.SZ,霞客环保,2013-03-20,5.9589,5.9589,6.1042,5.9332,6.0871,4245240,30020184.2,0.1282,2.1521,7.0715,1.97,1534335720.8,N/A,1708389959.2,215496590,0,239942410,248.349,2.2984,0.9917,-55.3333,
002015.SZ,霞客环保,2013-03-21,6.0871,6.0957,6.4462,6.07,6.3607,12488700,92458375.6,0.2736,4.4944,7.4034,5.7953,1603294629.6,N/A,1785171530.4,215496590,0,239942410,259.5107,2.4016,1.0363,-57.8201,
002015.SZ,霞客环保,2013-03-22,6.3607,6.3265,6.3265,6.2154,6.3009,4772461,35021484.1,-0.0598,-0.9409,7.3382,2.2146,1588209868.3,N/A,1768375561.7,215496590,0,239942410,257.0691,2.3791,1.0265,-57.2761,
002015.SZ,霞客环保,2013-03-25,6.3009,6.3094,6.4035,6.2068,6.3265,4475055,33126170,0.0256,0.4071,7.4024,2.0766,1594674766,N/A,1775573834,215496590,0,239942410,258.1155,2.3887,1.0307,-57.5093,
002015.SZ,霞客环保,2013-03-26,6.3265,6.318,6.3265,6.1384,6.1555,3452407,25002964.1,-0.171,-2.7027,7.2422,1.6021,1551575448,N/A,1727585352,215496590,0,239942410,251.1394,2.3242,1.0028,-55.955,
002015.SZ,霞客环保,2013-03-27,6.1555,6.1726,6.2325,6.0529,6.1042,3434589,24660893.2,-0.0513,-0.8333,7.1802,1.5938,1538645652.6,N/A,1713188807.4,215496590,0,239942410,249.0466,2.3048,0.9945,-55.4887,
002015.SZ,霞客环保,2013-03-28,6.1042,6.0273,6.0273,5.8136,5.8221,4215440,29179581.1,-0.2821,-4.6218,6.9221,1.9562,1467531777.9,N/A,1634007812.1,215496590,0,239942410,237.536,2.1983,0.9485,-52.9241,
002015.SZ,霞客环保,2013-03-29,5.8221,5.8221,5.899,5.7623,5.8307,1938358,13244355,0.0085,0.1468,6.8328,0.8995,1469686743.8,N/A,1636407236.2,215496590,0,239942410,237.8848,2.2015,0.9499,-53.0018,
002015.SZ,霞客环保,2013-04-01,5.8307,5.8478,5.9247,5.7794,5.882,2083345,14266058.9,0.0513,0.8798,6.8477,0.9668,1482616539.2,N/A,1650803780.8,215496590,0,239942410,239.9776,2.2209,0.9583,-53.4681,
002015.SZ,霞客环保,2013-04-02,5.882,5.8734,5.9161,5.7623,5.7708,2191307,14943451.2,-0.1111,-1.8895,6.8194,1.0169,1454601982.5,N/A,1619611267.5,215496590,0,239942410,235.4432,2.1789,0.9402,-52.4578,
002015.SZ,霞客环保,2013-04-03,5.7708,5.7794,5.8392,5.5143,5.5998,2775053,18221898,-0.171,-2.963,6.5663,1.2877,1411502664.5,N/A,1571622785.5,215496590,0,239942410,228.4671,2.1144,0.9123,-50.9035,
002015.SZ,霞客环保,2013-04-08,5.5998,5.5571,5.6426,5.4117,5.634,2223506,14387370.8,0.0342,0.6107,6.4706,1.0318,1420122528.1,N/A,1581220481.9,215496590,0,239942410,229.8623,2.1273,0.9179,-51.2143,
002015.SZ,霞客环保,2013-04-09,5.634,5.6426,5.6939,5.6255,5.6597,1430091,9461577.1,0.0256,0.4552,6.6161,0.6636,1426587425.8,N/A,1588418754.2,215496590,0,239942410,230.9087,2.137,0.9221,-51.4475,
002015.SZ,霞客环保,2013-04-10,5.6597,5.6939,5.7024,5.5485,5.6084,2126490,13915326.1,-0.0513,-0.9063,6.5438,0.9868,1413657630.4,N/A,1574022209.6,215496590,0,239942410,228.8159,2.1176,0.9137,-50.9812,
002015.SZ,霞客环保,2013-04-11,5.6084,5.6597,5.7965,5.5656,5.6853,3033310,20230958.4,0.0769,1.372,6.6696,1.4076,1433052323.5,N/A,1595617026.5,215496590,0,239942410,231.9551,2.1466,0.9262,-51.6806,
002015.SZ,霞客环保,2013-04-12,5.6853,5.6853,5.6853,5.54,5.5742,1919783,12571942.5,-0.1111,-1.9549,6.5486,0.8909,1405037766.8,N/A,1564424513.2,215496590,0,239942410,227.4207,2.1047,0.9081,-50.6703,
002015.SZ,霞客环保,2013-04-15,5.5742,5.5742,5.5742,5.4374,5.4716,1398754,8967171.8,-0.1026,-1.8405,6.4108,0.6491,1379178176,N/A,1535631424,215496590,0,239942410,223.235,2.0659,0.8914,-49.7378,
002015.SZ,霞客环保,2013-04-16,5.4716,5.4545,5.5058,5.3519,5.4887,1154874,7342307.2,0.0171,0.3125,6.3577,0.5359,1383488107.8,N/A,1540430272.2,215496590,0,239942410,223.9326,2.0724,0.8942,-49.8932,
002015.SZ,霞客环保,2013-04-17,5.4887,5.4716,5.5998,5.4716,5.5143,1868321,12077072.5,0.0256,0.4673,6.4641,0.867,1389953005.5,N/A,1547628544.5,215496590,0,239942410,224.979,2.0821,0.8984,-50.1263,
002015.SZ,霞客环保,2013-04-18,5.5143,5.5143,5.6255,5.4801,5.5913,2151892,14059103.7,0.0769,1.3953,6.5334,0.9986,1409347698.6,N/A,1569223361.4,215496590,0,239942410,228.1183,2.1111,0.9109,-50.8258,
002015.SZ,霞客环保,2013-04-19,5.5913,5.5656,5.6853,5.5571,5.6768,2419483,16001326.1,0.0855,1.5291,6.6135,1.1227,1430897357.6,N/A,1593217602.4,215496590,0,239942410,231.6063,2.1434,0.9248,-51.6029,
002015.SZ,霞客环保,2013-04-22,5.6768,5.6768,5.6768,5.6768,5.6768,N/A,N/A,0,0,N/A,N/A,1430897357.6,N/A,1593217602.4,215496590,0,239942410,231.6063,2.1434,0.9248,-51.6029,
002015.SZ,霞客环保,2013-04-23,5.6768,5.6768,5.6768,5.6768,5.6768,N/A,N/A,0,0,N/A,N/A,1430897357.6,N/A,1593217602.4,215496590,0,239942410,231.6063,2.1434,0.9248,-51.6029,
002015.SZ,霞客环保,2013-04-24,5.6768,5.6768,5.6768,5.6768,5.6768,N/A,N/A,0,0,N/A,N/A,1430897357.6,N/A,1593217602.4,215496590,0,239942410,231.6063,2.1434,0.9248,-51.6029,
002015.SZ,霞客环保,2013-04-25,5.6768,5.6768,5.6768,5.6768,5.6768,N/A,N/A,0,0,N/A,N/A,1430897357.6,N/A,1593217602.4,215496590,0,239942410,231.6063,2.1434,0.9248,-51.6029,
002015.SZ,霞客环保,2013-04-26,5.6768,5.6768,5.6768,5.6768,5.6768,N/A,N/A,0,0,N/A,N/A,1430897357.6,N/A,1593217602.4,215496590,0,239942410,231.6063,2.1434,0.9248,-51.6029,
002015.SZ,霞客环保,2013-05-02,5.6768,5.6768,5.6768,5.6768,5.6768,N/A,N/A,0,0,N/A,N/A,1430897357.6,N/A,1593217602.4,215496590,0,239942410,231.6063,2.1434,0.9248,-51.6029,
002015.SZ,霞客环保,2013-05-03,5.6768,5.3946,5.5827,5.369,5.5314,5525430,35547218.3,-0.1453,-2.5602,6.4334,2.564,1394262937.3,N/A,1552427392.7,215496590,0,239942410,225.6766,2.0885,0.9012,-50.2818,
002015.SZ,霞客环保,2013-05-06,5.5314,5.5314,5.5571,5.4032,5.5143,4327998,27743708.6,-0.0171,-0.3091,6.4103,2.0084,1389953005.5,N/A,1547628544.5,215496590,0,239942410,224.979,2.0821,0.8984,-50.1263,
002015.SZ,霞客环保,2013-05-07,5.5143,5.4887,5.6682,5.4545,5.6511,4282629,28021268.9,0.1368,2.4806,6.543,1.9873,1424432459.9,N/A,1586019330.1,215496590,0,239942410,230.5599,2.1337,0.9207,-51.3698,
002015.SZ,霞客环保,2013-05-08,5.6511,5.6511,5.6853,5.54,5.6511,3670623,24089460.7,0,0,6.5628,1.7033,1424432459.9,N/A,1586019330.1,215496590,0,239942410,230.5599,2.1337,0.9207,-51.3698,
002015.SZ,霞客环保,2013-05-09,5.6511,5.634,5.7965,5.5998,5.6853,4974614,33241856.6,0.0342,0.6051,6.6823,2.3084,1433052323.5,N/A,1595617026.5,215496590,0,239942410,231.9551,2.1466,0.9262,-51.6806,
002015.SZ,霞客环保,2013-05-10,5.6853,5.6939,5.7623,5.6426,5.7452,3740300,25038460.5,0.0598,1.0526,6.6942,1.7357,1448137084.8,N/A,1612412995.2,215496590,0,239942410,234.3968,2.1692,0.936,-52.2246,
002015.SZ,霞客环保,2013-05-13,5.7452,5.7366,5.7537,5.6682,5.7195,2334745,15563326.7,-0.0256,-0.4464,6.666,1.0834,1441672187.1,N/A,1605214722.9,215496590,0,239942410,233.3503,2.1595,0.9318,-51.9915,
002015.SZ,霞客环保,2013-05-14,5.7195,5.7281,5.7281,5.4887,5.5058,3203350,20819466.6,-0.2137,-3.7369,6.4993,1.4865,1387798039.6,N/A,1545229120.4,215496590,0,239942410,224.6302,2.0788,0.897,-50.0486,
002015.SZ,霞客环保,2013-05-15,5.5058,5.5058,5.5742,5.4374,5.5058,2479977,15957598.7,0,0,6.4346,1.1508,1387798039.6,N/A,1545229120.4,215496590,0,239942410,224.6302,2.0788,0.897,-50.0486,
002015.SZ,霞客环保,2013-05-16,5.5058,5.5143,5.5485,5.4374,5.54,3249667,20907931.8,0.0342,0.6211,6.4339,1.508,1396417903.2,N/A,1554826816.8,215496590,0,239942410,226.0255,2.0918,0.9026,-50.3595,
002015.SZ,霞客环保,2013-05-17,5.54,5.4972,5.634,5.4972,5.6255,3462338,22638292.7,0.0855,1.5432,6.5384,1.6067,1417967562.2,N/A,1578821057.8,215496590,0,239942410,229.5135,2.124,0.9165,-51.1366,
002015.SZ,霞客环保,2013-05-20,5.6255,5.6255,5.7708,5.6084,5.7537,4729236,31629574.3,0.1282,2.2796,6.6881,2.1946,1450292050.7,N/A,1614812419.3,215496590,0,239942410,234.7456,2.1725,0.9374,-52.3024,
002015.SZ,霞客环保,2013-05-21,5.7537,5.7452,5.9332,5.711,5.8563,5854987,39855480.9,0.1026,1.7831,6.8071,2.717,1476151641.5,N/A,1643605508.5,215496590,0,239942410,238.9312,2.2112,0.9541,-53.2349,
002015.SZ,霞客环保,2013-05-22,5.8563,5.8563,5.899,5.7537,5.8563,5419847,36951760.7,0,0,6.8179,2.5151,1476151641.5,N/A,1643605508.5,215496590,0,239942410,238.9312,2.2112,0.9541,-53.2349,
002015.SZ,霞客环保,2013-05-23,5.8563,5.8392,6.1384,5.7965,5.976,10295502,72244527.5,0.1197,2.0438,7.0171,4.7776,1506321164.1,N/A,1677197445.9,215496590,0,239942410,243.8145,2.2564,0.9736,-54.323,
002015.SZ,霞客环保,2013-05-24,5.976,5.9332,6.1983,5.899,6.1897,11032586,78512728.4,0.2137,3.5765,7.1164,5.1196,1560195311.6,N/A,1737183048.4,215496590,0,239942410,252.5346,2.3371,1.0084,-56.2658,
002015.SZ,霞客环保,2013-05-27,6.1897,6.1384,6.3094,6.0957,6.1897,8912669,64745427.5,0,0,7.2644,4.1359,1560195311.6,N/A,1737183048.4,215496590,0,239942410,252.5346,2.3371,1.0084,-56.2658,
002015.SZ,霞客环保,2013-05-28,6.1897,6.1641,6.1641,6.0102,6.0871,5399001,38364300.3,-0.1026,-1.6575,7.1058,2.5054,1534335720.8,N/A,1708389959.2,215496590,0,239942410,248.349,2.2984,0.9917,-55.3333,
002015.SZ,霞客环保,2013-05-29,6.0871,6.07,6.147,6.0529,6.07,3970665,28245723.6,-0.0171,-0.2809,7.1136,1.8426,1530025789,N/A,1703591111,215496590,0,239942410,247.6513,2.2919,0.9889,-55.1778,
002015.SZ,霞客环保,2013-05-30,6.07,6.0615,6.1128,5.9931,6.1042,3933611,27837278.2,0.0342,0.5634,7.0768,1.8254,1538645652.6,N/A,1713188807.4,215496590,0,239942410,249.0466,2.3048,0.9945,-55.4887,
002015.SZ,霞客环保,2013-05-31,6.1042,6.1128,6.1641,6.0273,6.0358,4093952,29204034.3,-0.0684,-1.1204,7.1335,1.8998,1521405925.4,N/A,1693993414.6,215496590,0,239942410,246.2561,2.279,0.9833,-54.867,
002015.SZ,霞客环保,2013-06-03,6.0358,5.9845,6.1213,5.9674,6.0016,3313423,23482673.7,-0.0342,-0.5666,7.0871,1.5376,1512786061.8,N/A,1684395718.2,215496590,0,239942410,244.8609,2.2661,0.9778,-54.5561,
002015.SZ,霞客环保,2013-06-04,6.0016,6.0102,6.1555,6.0102,6.0871,6126028,43661759.2,0.0855,1.4245,7.1273,2.8427,1534335720.8,N/A,1708389959.2,215496590,0,239942410,248.349,2.2984,0.9917,-55.3333,
002015.SZ,霞客环保,2013-06-05,6.0871,6.1213,6.1213,5.9589,6.0358,3661947,25773608.4,-0.0513,-0.8427,7.0382,1.6993,1521405925.4,N/A,1693993414.6,215496590,0,239942410,246.2561,2.279,0.9833,-54.867,
002015.SZ,霞客环保,2013-06-06,6.0358,6.0529,6.0529,5.6939,5.711,5180155,35231919.1,-0.3249,-5.3824,6.8013,2.4038,1439517221.2,N/A,1602815298.8,215496590,0,239942410,233.0015,2.1563,0.9304,-51.9138,
002015.SZ,霞客环保,2013-06-07,5.711,5.711,5.7281,5.4887,5.5058,3439507,22479520.4,-0.2052,-3.5928,6.5357,1.5961,1387798039.6,N/A,1545229120.4,215496590,0,239942410,224.6302,2.0788,0.897,-50.0486,
002015.SZ,霞客环保,2013-06-13,5.5058,5.4716,5.4716,5.2151,5.3433,2420546,15002852.2,-0.1624,-2.9503,6.1981,1.1232,1346853687.5,N/A,1499640062.5,215496590,0,239942410,218.0029,2.0175,0.8705,-48.572,
002015.SZ,霞客环保,2013-06-14,5.3433,5.3433,5.54,5.3091,5.4887,2129607,13481763.4,0.1453,2.72,6.3306,0.9882,1383488107.8,N/A,1540430272.2,215496590,0,239942410,223.9326,2.0724,0.8942,-49.8932,
002015.SZ,霞客环保,2013-06-17,5.4887,5.4887,5.5143,5.3519,5.3861,2080160,13172994.7,-0.1026,-1.8692,6.3327,0.9653,1357628517,N/A,1511637183,215496590,0,239942410,219.747,2.0337,0.8775,-48.9606,
002015.SZ,霞客环保,2013-06-18,5.3861,5.4288,5.4288,5.2664,5.3946,2286035,14323776.8,0.0085,0.1587,6.2658,1.0608,1359783482.9,N/A,1514036607.1,215496590,0,239942410,220.0958,2.0369,0.8789,-49.0383,
002015.SZ,霞客环保,2013-06-19,5.3946,5.3348,5.3519,5.2322,5.292,1798220,11103695.5,-0.1026,-1.9017,6.1748,0.8345,1333923892.1,N/A,1485243517.9,215496590,0,239942410,215.9101,1.9981,0.8622,-48.1057,
002015.SZ,霞客环保,2013-06-20,5.292,5.2664,5.2749,5.0527,5.0612,2332900,14140223,-0.2308,-4.3619,6.0612,1.0826,1275739812.8,N/A,1420459067.2,215496590,0,239942410,206.4924,1.911,0.8246,-46.0074,
002015.SZ,霞客环保,2013-06-21,5.0612,5.027,5.2749,4.933,5.2066,4957538,29410732.5,0.1453,2.8716,5.9325,2.3005,1312374233.1,N/A,1461249276.9,215496590,0,239942410,212.4221,1.9659,0.8482,-47.3286,
002015.SZ,霞客环保,2013-06-24,5.2066,5.1638,5.198,4.7449,4.9586,4701246,27232586.2,-0.2479,-4.7619,5.7926,2.1816,1249880222,N/A,1391665978,215496590,0,239942410,202.3067,1.8723,0.8078,-45.0748,
002015.SZ,霞客环保,2013-06-25,4.9586,4.9586,5.0099,4.5141,4.9672,5899293,33189600.9,0.0085,0.1724,5.626,2.7375,1252035187.9,N/A,1394065402.1,215496590,0,239942410,202.6555,1.8755,0.8092,-45.1526,
002015.SZ,霞客环保,2013-06-26,4.9672,4.9672,5.4545,4.8646,5.3006,7484498,45538526.2,0.3334,6.7126,6.0844,3.4731,1336078858,N/A,1487642942,215496590,0,239942410,216.2589,2.0014,0.8636,-48.1835,
002015.SZ,霞客环保,2013-06-27,5.3006,5.3519,5.634,5.1125,5.2664,6208181,38766357.4,-0.0342,-0.6452,6.2444,2.8809,1327458994.4,N/A,1478045245.6,215496590,0,239942410,214.8637,1.9885,0.858,-47.8726,
002015.SZ,霞客环保,2013-06-28,5.2664,5.1296,5.369,5.0441,5.2066,3725666,22769505.7,-0.0598,-1.1364,6.1115,1.7289,1312374233.1,N/A,1461249276.9,215496590,0,239942410,212.4221,1.9659,0.8482,-47.3286,
002015.SZ,霞客环保,2013-07-01,5.2066,5.1638,5.2578,5.1382,5.198,3623399,21908529.9,-0.0085,-0.1642,6.0464,1.6814,1310219267.2,N/A,1458849852.8,215496590,0,239942410,212.0733,1.9626,0.8468,-47.2509,
002015.SZ,霞客环保,2013-07-02,5.198,5.2066,5.2151,5.1125,5.1553,2320260,13979206.9,-0.0427,-0.8224,6.0248,1.0767,1299444437.7,N/A,1446852732.3,215496590,0,239942410,210.3292,1.9465,0.8399,-46.8623,
002015.SZ,霞客环保,2013-07-03,5.1553,5.1382,5.1382,4.933,4.9672,3086859,18050212.7,-0.1881,-3.6484,5.8474,1.4324,1252035187.9,N/A,1394065402.1,215496590,0,239942410,202.6555,1.8755,0.8092,-45.1526,
002015.SZ,霞客环保,2013-07-04,4.9672,4.9843,5.0356,4.8646,4.9928,2527006,14632454,0.0256,0.5164,5.7904,1.1726,1258500085.6,N/A,1401263674.4,215496590,0,239942410,203.7019,1.8852,0.8134,-45.3857,
002015.SZ,霞客环保,2013-07-05,4.9928,4.9928,5.0441,4.933,4.9415,2246650,13118897.9,-0.0513,-1.0274,5.8393,1.0425,1245570290.2,N/A,1386867129.8,215496590,0,239942410,201.6091,1.8658,0.8051,-44.9194,
002015.SZ,霞客环保,2013-07-08,4.9415,4.8731,4.8731,4.6423,4.6423,2228665,12326485.4,-0.2992,-6.0554,5.5309,1.0342,1170146483.7,N/A,1302887286.3,215496590,0,239942410,189.401,1.7528,0.7563,-42.1994,
002015.SZ,霞客环保,2013-07-09,4.6423,4.6508,4.7363,4.6508,4.685,1100183,6048337,0.0427,0.9208,5.4976,0.5105,1180921313.2,N/A,1314884406.8,215496590,0,239942410,191.145,1.769,0.7633,-42.588,
002015.SZ,霞客环保,2013-07-10,4.685,4.7363,4.8218,4.685,4.8218,1361924,7605722.7,0.1368,2.9197,5.5845,0.632,1215400767.6,N/A,1353275192.4,215496590,0,239942410,196.7259,1.8206,0.7856,-43.8314,
002015.SZ,霞客环保,2013-07-11,4.8218,4.8304,5.0441,4.7876,5.0185,3514664,20339470.3,0.1966,4.078,5.787,1.631,1264964983.3,N/A,1408461946.7,215496590,0,239942410,204.7484,1.8948,0.8176,-45.6188,
002015.SZ,霞客环保,2013-07-12,5.0185,5.0185,5.0783,4.9415,4.9501,3464690,20265968.1,-0.0684,-1.3629,5.8493,1.6078,1247725256.1,N/A,1389266553.9,215496590,0,239942410,201.9579,1.869,0.8064,-44.9971,
002015.SZ,霞客环保,2013-07-15,4.9501,4.9672,5.0099,4.9244,4.9843,2922680,16998882.1,0.0342,0.6908,5.8162,1.3563,1256345119.7,N/A,1398864250.3,215496590,0,239942410,203.3531,1.8819,0.812,-45.308,
002015.SZ,霞客环保,2013-07-16,4.9843,4.9586,5.0099,4.8731,5.0099,2816671,16290643,0.0256,0.5146,5.7837,1.3071,1262810017.4,N/A,1406062522.6,215496590,0,239942410,204.3996,1.8916,0.8162,-45.5411,
002015.SZ,霞客环保,2013-07-17,5.0099,4.9928,5.0099,4.9159,4.9501,1909494,11083590.3,-0.0598,-1.1945,5.8045,0.8861,1247725256.1,N/A,1389266553.9,215496590,0,239942410,201.9579,1.869,0.8064,-44.9971,
002015.SZ,霞客环保,2013-07-18,4.9501,4.9415,4.9415,4.8389,4.8389,1505255,8579345.9,-0.1111,-2.2453,5.6996,0.6985,1219710699.4,N/A,1358074040.6,215496590,0,239942410,197.4235,1.8271,0.7883,-43.9868,
002015.SZ,霞客环保,2013-07-19,4.8389,4.8389,4.9159,4.685,4.7021,1816352,10229316.4,-0.1368,-2.8269,5.6318,0.8429,1185231245,N/A,1319683255,215496590,0,239942410,191.8426,1.7754,0.7661,-42.7434,
002015.SZ,霞客环保,2013-07-22,4.7021,4.6936,4.8133,4.6679,4.8133,1776681,9891902.7,0.1111,2.3636,5.5676,0.8245,1213245801.7,N/A,1350875768.3,215496590,0,239942410,196.3771,1.8174,0.7842,-43.7537,
002015.SZ,霞客环保,2013-07-23,4.8133,4.8218,4.9415,4.8133,4.9244,2693917,15428835.6,0.1111,2.3091,5.7273,1.2501,1241260358.4,N/A,1382068281.6,215496590,0,239942410,200.9115,1.8593,0.8023,-44.764,
002015.SZ,霞客环保,2013-07-24,4.9244,4.8988,5.0954,4.8133,5.0869,5875448,34282696.2,0.1624,3.2986,5.8349,2.7265,1282204710.5,N/A,1427657339.5,215496590,0,239942410,207.5388,1.9207,0.8287,-46.2406,
002015.SZ,霞客环保,2013-07-25,5.0869,5.0954,5.0954,4.9159,4.933,3497966,20451964.6,-0.1539,-3.0252,5.8468,1.6232,1243415324.3,N/A,1384467705.7,215496590,0,239942410,201.2603,1.8626,0.8037,-44.8417,
002015.SZ,霞客环保,2013-07-26,4.933,4.8988,4.9843,4.8475,4.8731,1672457,9579107.3,-0.0598,-1.2132,5.7276,0.7761,1228330563,N/A,1367671737,215496590,0,239942410,198.8187,1.84,0.7939,-44.2977,
002015.SZ,霞客环保,2013-07-29,4.8731,4.8475,4.9928,4.7278,4.9586,3172533,18183691.3,0.0855,1.7544,5.7316,1.4722,1249880222,N/A,1391665978,215496590,0,239942410,202.3067,1.8723,0.8078,-45.0748,
002015.SZ,霞客环保,2013-07-30,4.9586,4.9159,5.1724,4.7876,5.1211,7589464,44712667.9,0.1624,3.2759,5.8914,3.5218,1290824574.1,N/A,1437255035.9,215496590,0,239942410,208.934,1.9336,0.8343,-46.5514,
002015.SZ,霞客环保,2013-07-31,5.1211,5.0441,5.2322,4.9501,5.0527,6757103,40290030,-0.0684,-1.3356,5.9626,3.1356,1273584846.9,N/A,1418059643.1,215496590,0,239942410,206.1436,1.9078,0.8232,-45.9297,
002015.SZ,霞客环保,2013-08-01,5.0527,5.0527,5.1467,5.0099,5.104,4633599,27536278.8,0.0513,1.0152,5.9427,2.1502,1286514642.3,N/A,1432456187.7,215496590,0,239942410,208.2364,1.9271,0.8315,-46.396,
002015.SZ,霞客环保,2013-08-02,5.104,5.1296,5.1638,5.0441,5.0612,3765820,22432926.9,-0.0427,-0.8375,5.957,1.7475,1275739812.8,N/A,1420459067.2,215496590,0,239942410,206.4924,1.911,0.8246,-46.0074,
002015.SZ,霞客环保,2013-08-05,5.0612,5.0612,5.0954,5.027,5.0783,2291393,13578478.5,0.0171,0.3378,5.9259,1.0633,1280049744.6,N/A,1425257915.4,215496590,0,239942410,207.19,1.9174,0.8273,-46.1629,
002015.SZ,霞客环保,2013-08-06,5.0783,5.0783,5.2578,5.0527,5.1724,4926946,29783812.2,0.094,1.8519,6.0451,2.2863,1303754369.5,N/A,1451651580.5,215496590,0,239942410,211.0268,1.953,0.8427,-47.0177,
002015.SZ,霞客环保,2013-08-07,5.1724,5.1638,5.1895,5.0783,5.0954,2984232,17909138.7,-0.0769,-1.4876,6.0013,1.3848,1284359676.4,N/A,1430056763.6,215496590,0,239942410,207.8876,1.9239,0.8301,-46.3183,
002015.SZ,霞客环保,2013-08-08,5.0954,5.0698,5.292,5.0698,5.2493,5860830,35612486.6,0.1539,3.0201,6.0764,2.7197,1323149062.6,N/A,1473246397.4,215496590,0,239942410,214.1661,1.982,0.8552,-47.7172,
002015.SZ,霞客环保,2013-08-09,5.2493,5.2407,5.3262,5.1553,5.2237,4385561,26845594.8,-0.0256,-0.4886,6.1214,2.0351,1316684164.9,N/A,1466048125.1,215496590,0,239942410,213.1197,1.9723,0.851,-47.484,
002015.SZ,霞客环保,2013-08-12,5.2237,5.3433,5.4545,5.3006,5.3861,8407396,52996209.1,0.1624,3.1097,6.3035,3.9014,1357628517,N/A,1511637183,215496590,0,239942410,219.747,2.0337,0.8775,-48.9606,
002015.SZ,霞客环保,2013-08-13,5.3861,5.369,5.54,5.3091,5.4459,6111352,38492879.7,0.0598,1.1111,6.2986,2.8359,1372713278.3,N/A,1528433151.7,215496590,0,239942410,222.1886,2.0562,0.8872,-49.5046,
002015.SZ,霞客环保,2013-08-14,5.4459,5.4117,5.4545,5.3177,5.3433,3706341,23333136.9,-0.1026,-1.8838,6.2955,1.7199,1346853687.5,N/A,1499640062.5,215496590,0,239942410,218.0029,2.0175,0.8705,-48.572,
002015.SZ,霞客环保,2013-08-15,5.3433,5.3433,5.3433,5.1724,5.1809,3406898,20946315.5,-0.1624,-3.04,6.1482,1.581,1305909335.4,N/A,1454051004.6,215496590,0,239942410,211.3757,1.9562,0.8441,-47.0954,
002015.SZ,霞客环保,2013-08-16,5.1809,5.1553,5.292,5.104,5.1125,3065253,18663942.1,-0.0684,-1.3201,6.0889,1.4224,1288669608.2,N/A,1434855611.8,215496590,0,239942410,208.5852,1.9304,0.8329,-46.4737,
002015.SZ,霞客环保,2013-08-19,5.1125,5.104,5.198,5.0441,5.1895,2215450,13290718.1,0.0769,1.505,5.9991,1.0281,1308064301.3,N/A,1456450428.7,215496590,0,239942410,211.7245,1.9594,0.8454,-47.1732,
002015.SZ,霞客环保,2013-08-20,5.1895,5.1895,5.2066,5.104,5.1638,2040949,12327734.9,-0.0256,-0.4942,6.0402,0.9471,1301599403.6,N/A,1449252156.4,215496590,0,239942410,210.678,1.9497,0.8413,-46.94,
002015.SZ,霞客环保,2013-08-21,5.1638,5.1553,5.2322,5.0954,5.198,2134028,12941590.5,0.0342,0.6623,6.0644,0.9903,1310219267.2,N/A,1458849852.8,215496590,0,239942410,212.0733,1.9626,0.8468,-47.2509,
002015.SZ,霞客环保,2013-08-22,5.198,5.1553,5.2151,5.1296,5.1467,1666585,10088257.6,-0.0513,-0.9868,6.0533,0.7734,1297289471.8,N/A,1444453308.2,215496590,0,239942410,209.9804,1.9433,0.8385,-46.7846,
002015.SZ,霞客环保,2013-08-23,5.1467,5.1467,5.2664,5.1467,5.2578,4627454,28196051.7,0.1111,2.1595,6.0932,2.1473,1325304028.5,N/A,1475645821.5,215496590,0,239942410,214.5149,1.9852,0.8566,-47.7949,
002015.SZ,霞客环保,2013-08-26,5.2578,5.2835,5.3177,5.1895,5.292,3934668,24215393.2,0.0342,0.6504,6.1544,1.8259,1333923892.1,N/A,1485243517.9,215496590,0,239942410,215.9101,1.9981,0.8622,-48.1057,
002015.SZ,霞客环保,2013-08-27,5.292,5.292,5.3177,5.2493,5.3177,3025564,18712623.4,0.0256,0.4847,6.1848,1.404,1340388789.8,N/A,1492441790.2,215496590,0,239942410,216.9565,2.0078,0.8663,-48.3389,
002015.SZ,霞客环保,2013-08-28,5.3177,5.2749,5.4117,5.2322,5.369,6237172,39015809.4,0.0513,0.9646,6.2554,2.8943,1353318585.2,N/A,1506838334.8,215496590,0,239942410,219.0494,2.0272,0.8747,-48.8052,
002015.SZ,霞客环保,2013-08-29,5.369,5.3433,5.369,5.2493,5.2664,3428393,21198109.7,-0.1026,-1.9108,6.1831,1.5909,1327458994.4,N/A,1478045245.6,215496590,0,239942410,214.8637,1.9885,0.858,-47.8726,
002015.SZ,霞客环保,2013-08-30,5.2664,5.2664,5.3519,5.2066,5.2749,3792872,23386485,0.0085,0.1623,6.1659,1.7601,1329613960.3,N/A,1480444669.7,215496590,0,239942410,215.2125,1.9917,0.8594,-47.9503,
002015.SZ,霞客环保,2013-09-02,5.2749,5.3091,5.3775,5.2493,5.3604,2796437,17413625.3,0.0855,1.6207,6.2271,1.2977,1351163619.3,N/A,1504438910.7,215496590,0,239942410,218.7006,2.024,0.8733,-48.7275,
002015.SZ,霞客环保,2013-09-03,5.3604,5.3433,5.4545,5.3177,5.4032,3197781,20106960,0.0427,0.7974,6.2878,1.4839,1361938448.8,N/A,1516436031.2,215496590,0,239942410,220.4446,2.0401,0.8803,-49.116,
002015.SZ,霞客环保,2013-09-04,5.4032,5.4032,5.4032,5.3348,5.3604,1930124,12091658.6,-0.0427,-0.7911,6.2647,0.8957,1351163619.3,N/A,1504438910.7,215496590,0,239942410,218.7006,2.024,0.8733,-48.7275,
002015.SZ,霞客环保,2013-09-05,5.3604,5.3519,5.4032,5.3433,5.3775,2847136,17891579.6,0.0171,0.319,6.2841,1.3212,1355473551.1,N/A,1509237758.9,215496590,0,239942410,219.3982,2.0304,0.8761,-48.8829,
002015.SZ,霞客环保,2013-09-06,5.3775,5.3775,5.5058,5.3348,5.463,5300553,33747022.4,0.0855,1.5898,6.3667,2.4597,1377023210.1,N/A,1533231999.9,215496590,0,239942410,222.8862,2.0627,0.89,-49.66,
002015.SZ,霞客环保,2013-09-09,5.463,5.463,5.9247,5.463,5.8136,11796908,78389717.2,0.3505,6.4163,6.6449,5.4743,1465376812,N/A,1631608388,215496590,0,239942410,237.1872,2.1951,0.9471,-52.8464,
002015.SZ,霞客环保,2013-09-10,5.8136,5.7366,5.9332,5.6426,5.8221,15137339,103254663.8,0.0085,0.1471,6.8212,7.0244,1467531777.9,N/A,1634007812.1,215496590,0,239942410,237.536,2.1983,0.9485,-52.9241,
002015.SZ,霞客环保,2013-09-11,5.8221,5.7452,5.8307,5.6426,5.7623,10826716,72659408.4,-0.0598,-1.0279,6.7111,5.0241,1452447016.6,N/A,1617211843.4,215496590,0,239942410,235.0944,2.1757,0.9388,-52.3801,
002015.SZ,霞客环保,2013-09-12,5.7623,5.7366,5.8478,5.6682,5.7965,8131429,55079488.5,0.0342,0.5935,6.7737,3.7733,1461066880.2,N/A,1626809539.8,215496590,0,239942410,236.4896,2.1886,0.9443,-52.6909,
002015.SZ,霞客环保,2013-09-13,5.7965,5.7879,5.9418,5.6084,5.634,7032937,47305572.6,-0.1624,-2.8024,6.7263,3.2636,1420122528.1,N/A,1581220481.9,215496590,0,239942410,229.8623,2.1273,0.9179,-51.2143,
002015.SZ,霞客环保,2013-09-16,5.634,5.6255,5.6768,5.4203,5.5229,4190825,26973511.3,-0.1111,-1.9727,6.4363,1.9447,1392107971.4,N/A,1550027968.6,215496590,0,239942410,225.3278,2.0853,0.8998,-50.204,
002015.SZ,霞客环保,2013-09-17,5.5229,5.4887,5.5229,5.4374,5.4459,2729460,17506083.6,-0.0769,-1.3932,6.4138,1.2666,1372713278.3,N/A,1528433151.7,215496590,0,239942410,222.1886,2.0562,0.8872,-49.5046,
002015.SZ,霞客环保,2013-09-18,5.4459,5.4716,5.5058,5.3946,5.4716,1962150,12504950.3,0.0256,0.471,6.3731,0.9105,1379178176,N/A,1535631424,215496590,0,239942410,223.235,2.0659,0.8914,-49.7378,
002015.SZ,霞客环保,2013-09-23,5.4716,5.4887,5.6169,5.4887,5.5742,2228473,14477165.2,0.1026,1.875,6.4965,1.0341,1405037766.8,N/A,1564424513.2,215496590,0,239942410,227.4207,2.1047,0.9081,-50.6703,
002015.SZ,霞客环保,2013-09-24,5.5742,5.5742,5.5998,5.4716,5.4887,2766376,17877867.5,-0.0855,-1.5337,6.4626,1.2837,1383488107.8,N/A,1540430272.2,215496590,0,239942410,223.9326,2.0724,0.8942,-49.8932,
002015.SZ,霞客环保,2013-09-25,5.4887,5.4545,5.5143,5.2664,5.3262,4130398,26152121.1,-0.1624,-2.9595,6.3316,1.9167,1342543755.7,N/A,1494841214.3,215496590,0,239942410,217.3053,2.0111,0.8677,-48.4166,
002015.SZ,霞客环保,2013-09-26,5.3262,5.3433,5.3775,5.2493,5.3604,3214183,19976629.7,0.0342,0.6421,6.2152,1.4915,1351163619.3,N/A,1504438910.7,215496590,0,239942410,218.7006,2.024,0.8733,-48.7275,
002015.SZ,霞客环保,2013-09-27,5.3604,5.3177,5.4203,5.3177,5.4032,1741631,10972725.5,0.0427,0.7974,6.3003,0.8082,1361938448.8,N/A,1516436031.2,215496590,0,239942410,220.4446,2.0401,0.8803,-49.116,
002015.SZ,霞客环保,2013-09-30,5.4032,5.4032,5.6084,5.3861,5.5571,4350715,28157815,0.1539,2.8481,6.472,2.0189,1400727835,N/A,1559625665,215496590,0,239942410,226.7231,2.0982,0.9053,-50.5149,
002015.SZ,霞客环保,2013-10-08,5.5571,5.54,5.6939,5.5229,5.5742,3096261,20279113.5,0.0171,0.3077,6.5495,1.4368,1405037766.8,N/A,1564424513.2,215496590,0,239942410,227.4207,2.1047,0.9081,-50.6703,
002015.SZ,霞客环保,2013-10-09,5.5742,5.5571,5.6255,5.4887,5.6084,2383249,15527365.3,0.0342,0.6135,6.5152,1.1059,1413657630.4,N/A,1574022209.6,215496590,0,239942410,228.8159,2.1176,0.9137,-50.9812,
002015.SZ,霞客环保,2013-10-10,5.6084,5.5998,5.6084,5.4459,5.4545,2865108,18469936.2,-0.1539,-2.7439,6.4465,1.3295,1374868244.2,N/A,1530832575.8,215496590,0,239942410,222.5374,2.0595,0.8886,-49.5823,
002015.SZ,霞客环保,2013-10-11,5.4545,5.4545,5.4545,5.4545,5.4545,N/A,N/A,0,0,N/A,N/A,1374868244.2,N/A,1530832575.8,215496590,0,239942410,222.5374,2.0595,0.8886,-49.5823,
002015.SZ,霞客环保,2013-10-14,5.4545,5.4545,5.4545,5.4545,5.4545,N/A,N/A,0,0,N/A,N/A,1374868244.2,N/A,1530832575.8,215496590,0,239942410,222.5374,2.0595,0.8886,-49.5823,
002015.SZ,霞客环保,2013-10-15,5.4545,5.4545,5.4545,5.4545,5.4545,N/A,N/A,0,0,N/A,N/A,1374868244.2,N/A,1530832575.8,215496590,0,239942410,222.5374,2.0595,0.8886,-49.5823,
002015.SZ,霞客环保,2013-10-16,5.4545,5.4545,5.4545,5.4545,5.4545,N/A,N/A,0,0,N/A,N/A,1374868244.2,N/A,1530832575.8,215496590,0,239942410,222.5374,2.0595,0.8886,-49.5823,
002015.SZ,霞客环保,2013-10-17,5.4545,5.4545,5.4545,5.4545,5.4545,N/A,N/A,0,0,N/A,N/A,1374868244.2,N/A,1530832575.8,215496590,0,239942410,222.5374,2.0595,0.8886,-49.5823,
002015.SZ,霞客环保,2013-10-18,5.4545,5.4545,5.4545,5.4545,5.4545,N/A,N/A,0,0,N/A,N/A,1374868244.2,N/A,1530832575.8,215496590,0,239942410,222.5374,2.0595,0.8886,-49.5823,
002015.SZ,霞客环保,2013-10-21,5.4545,5.4545,5.4545,5.4545,5.4545,N/A,N/A,0,0,N/A,N/A,1374868244.2,N/A,1530832575.8,215496590,0,239942410,222.5374,2.0595,0.8886,-49.5823,
002015.SZ,霞客环保,2013-10-22,5.4545,5.4545,5.4545,5.4545,5.4545,N/A,N/A,0,0,N/A,N/A,1374868244.2,N/A,1530832575.8,215496590,0,239942410,222.5374,2.0595,0.8886,-49.5823,
002015.SZ,霞客环保,2013-10-23,5.4545,5.4545,5.4545,5.4545,5.4545,N/A,N/A,0,0,N/A,N/A,1374868244.2,N/A,1530832575.8,215496590,0,239942410,222.5374,2.0595,0.8886,-49.5823,
002015.SZ,霞客环保,2013-10-24,5.4545,5.4545,5.4545,5.4545,5.4545,N/A,N/A,0,0,N/A,N/A,1374868244.2,N/A,1530832575.8,215496590,0,239942410,222.5374,2.0595,0.8886,-49.5823,
002015.SZ,霞客环保,2013-10-25,5.4545,5.4545,5.4545,5.4545,5.4545,N/A,N/A,0,0,N/A,N/A,1374868244.2,N/A,1530832575.8,215496590,0,239942410,222.5374,2.0595,0.8886,-49.5823,
002015.SZ,霞客环保,2013-10-28,5.4545,5.4545,5.4545,5.4545,5.4545,N/A,N/A,0,0,N/A,N/A,1374868244.2,N/A,1530832575.8,215496590,0,239942410,222.5374,2.0595,0.8886,-49.5823,
002015.SZ,霞客环保,2013-10-29,5.4545,5.4545,5.4545,5.4545,5.4545,N/A,N/A,0,0,N/A,N/A,1374868244.2,N/A,1530832575.8,215496590,0,239942410,222.5374,2.0595,0.8886,-49.5823,
002015.SZ,霞客环保,2013-10-30,5.4545,5.4545,5.4545,5.4545,5.4545,N/A,N/A,0,0,N/A,N/A,1374868244.2,N/A,1530832575.8,215496590,0,239942410,222.5374,2.0595,0.8886,-49.5823,
002015.SZ,霞客环保,2013-10-31,5.4545,5.4545,5.4545,5.4545,5.4545,N/A,N/A,0,0,N/A,N/A,1374868244.2,N/A,1530832575.8,215496590,0,239942410,222.5374,2.0595,0.8886,-49.5823,
002015.SZ,霞客环保,2013-11-01,5.4545,5.4545,5.4545,5.4545,5.4545,N/A,N/A,0,0,N/A,N/A,1374868244.2,N/A,1530832575.8,215496590,0,239942410,222.5374,2.0595,0.8886,-49.5823,
002015.SZ,霞客环保,2013-11-04,5.4545,5.4545,5.4545,5.4545,5.4545,N/A,N/A,0,0,N/A,N/A,1374868244.2,N/A,1530832575.8,215496590,0,239942410,222.5374,2.0595,0.8886,-49.5823,
002015.SZ,霞客环保,2013-11-05,5.4545,5.4545,5.4545,5.4545,5.4545,N/A,N/A,0,0,N/A,N/A,1374868244.2,N/A,1530832575.8,215496590,0,239942410,222.5374,2.0595,0.8886,-49.5823,
002015.SZ,霞客环保,2013-11-06,5.4545,5.4545,5.4545,5.4545,5.4545,N/A,N/A,0,0,N/A,N/A,1374868244.2,N/A,1530832575.8,215496590,0,239942410,222.5374,2.0595,0.8886,-49.5823,
002015.SZ,霞客环保,2013-11-07,5.4545,5.4545,5.4545,5.4545,5.4545,N/A,N/A,0,0,N/A,N/A,1374868244.2,N/A,1530832575.8,215496590,0,239942410,222.5374,2.0595,0.8886,-49.5823,
002015.SZ,霞客环保,2013-11-08,5.4545,5.4545,5.4545,5.4545,5.4545,N/A,N/A,0,0,N/A,N/A,1374868244.2,N/A,1530832575.8,215496590,0,239942410,222.5374,2.0595,0.8886,-49.5823,
002015.SZ,霞客环保,2013-11-11,5.4545,5.4545,5.4545,5.4545,5.4545,N/A,N/A,0,0,N/A,N/A,1374868244.2,N/A,1530832575.8,215496590,0,239942410,222.5374,2.0595,0.8886,-49.5823,
002015.SZ,霞客环保,2013-11-12,5.4545,5.4545,5.4545,5.4545,5.4545,N/A,N/A,0,0,N/A,N/A,1374868244.2,N/A,1530832575.8,215496590,0,239942410,222.5374,2.0595,0.8886,-49.5823,
002015.SZ,霞客环保,2013-11-13,5.4545,5.4545,5.4545,5.4545,5.4545,N/A,N/A,0,0,N/A,N/A,1374868244.2,N/A,1530832575.8,215496590,0,239942410,222.5374,2.0595,0.8886,-49.5823,
002015.SZ,霞客环保,2013-11-14,5.4545,5.4545,5.4545,5.4545,5.4545,N/A,N/A,0,0,N/A,N/A,1374868244.2,N/A,1530832575.8,215496590,0,239942410,222.5374,2.0595,0.8886,-49.5823,
002015.SZ,霞客环保,2013-11-15,5.4545,5.4545,5.4545,5.4545,5.4545,N/A,N/A,0,0,N/A,N/A,1374868244.2,N/A,1530832575.8,215496590,0,239942410,222.5374,2.0595,0.8886,-49.5823,
002015.SZ,霞客环保,2013-11-18,5.4545,5.4545,5.4545,5.4545,5.4545,N/A,N/A,0,0,N/A,N/A,1374868244.2,N/A,1530832575.8,215496590,0,239942410,222.5374,2.0595,0.8886,-49.5823,
002015.SZ,霞客环保,2013-11-19,5.4545,5.4545,5.4545,5.4545,5.4545,N/A,N/A,0,0,N/A,N/A,1374868244.2,N/A,1530832575.8,215496590,0,239942410,222.5374,2.0595,0.8886,-49.5823,
002015.SZ,霞客环保,2013-11-20,5.4545,5.4545,5.4545,5.4545,5.4545,N/A,N/A,0,0,N/A,N/A,1374868244.2,N/A,1530832575.8,215496590,0,239942410,222.5374,2.0595,0.8886,-49.5823,
002015.SZ,霞客环保,2013-11-21,5.4545,5.4545,5.4545,5.4545,5.4545,N/A,N/A,0,0,N/A,N/A,1374868244.2,N/A,1530832575.8,215496590,0,239942410,222.5374,2.0595,0.8886,-49.5823,
002015.SZ,霞客环保,2013-11-22,5.4545,5.4545,5.4545,5.4545,5.4545,N/A,N/A,0,0,N/A,N/A,1374868244.2,N/A,1530832575.8,215496590,0,239942410,222.5374,2.0595,0.8886,-49.5823,
002015.SZ,霞客环保,2013-11-25,5.4545,5.4545,5.4545,5.4545,5.4545,N/A,N/A,0,0,N/A,N/A,1374868244.2,N/A,1530832575.8,215496590,0,239942410,222.5374,2.0595,0.8886,-49.5823,
002015.SZ,霞客环保,2013-11-26,5.4545,5.4545,5.4545,5.4545,5.4545,N/A,N/A,0,0,N/A,N/A,1374868244.2,N/A,1530832575.8,215496590,0,239942410,222.5374,2.0595,0.8886,-49.5823,
002015.SZ,霞客环保,2013-11-27,5.4545,5.4545,5.4545,5.4545,5.4545,N/A,N/A,0,0,N/A,N/A,1374868244.2,N/A,1530832575.8,215496590,0,239942410,222.5374,2.0595,0.8886,-49.5823,
002015.SZ,霞客环保,2013-11-28,5.4545,5.4545,5.4545,5.4545,5.4545,N/A,N/A,0,0,N/A,N/A,1374868244.2,N/A,1530832575.8,215496590,0,239942410,222.5374,2.0595,0.8886,-49.5823,
002015.SZ,霞客环保,2013-11-29,5.4545,5.4545,5.4545,5.4545,5.4545,N/A,N/A,0,0,N/A,N/A,1374868244.2,N/A,1530832575.8,215496590,0,239942410,222.5374,2.0595,0.8886,-49.5823,
002015.SZ,霞客环保,2013-12-02,5.4545,5.4545,5.4545,5.4545,5.4545,N/A,N/A,0,0,N/A,N/A,1374868244.2,N/A,1530832575.8,215496590,0,239942410,222.5374,2.0595,0.8886,-49.5823,
002015.SZ,霞客环保,2013-12-03,5.4545,5.4545,5.4545,5.4545,5.4545,N/A,N/A,0,0,N/A,N/A,1374868244.2,N/A,1530832575.8,215496590,0,239942410,222.5374,2.0595,0.8886,-49.5823,
002015.SZ,霞客环保,2013-12-04,5.4545,5.4545,5.4545,5.4545,5.4545,N/A,N/A,0,0,N/A,N/A,1374868244.2,N/A,1530832575.8,215496590,0,239942410,222.5374,2.0595,0.8886,-49.5823,
002015.SZ,霞客环保,2013-12-05,5.4545,5.4545,5.4545,5.4545,5.4545,N/A,N/A,0,0,N/A,N/A,1374868244.2,N/A,1530832575.8,215496590,0,239942410,222.5374,2.0595,0.8886,-49.5823,
002015.SZ,霞客环保,2013-12-06,5.4545,5.4545,5.4545,5.4545,5.4545,N/A,N/A,0,0,N/A,N/A,1374868244.2,N/A,1530832575.8,215496590,0,239942410,222.5374,2.0595,0.8886,-49.5823,
002015.SZ,霞客环保,2013-12-09,5.4545,5.4545,5.4545,5.4545,5.4545,N/A,N/A,0,0,N/A,N/A,1374868244.2,N/A,1530832575.8,215496590,0,239942410,222.5374,2.0595,0.8886,-49.5823,
002015.SZ,霞客环保,2013-12-10,5.4545,5.4545,5.4545,5.4545,5.4545,N/A,N/A,0,0,N/A,N/A,1374868244.2,N/A,1530832575.8,215496590,0,239942410,222.5374,2.0595,0.8886,-49.5823,
002015.SZ,霞客环保,2013-12-11,5.4545,5.4545,5.4545,5.4545,5.4545,N/A,N/A,0,0,N/A,N/A,1374868244.2,N/A,1530832575.8,215496590,0,239942410,222.5374,2.0595,0.8886,-49.5823,
002015.SZ,霞客环保,2013-12-12,5.4545,5.4545,5.4545,5.4545,5.4545,N/A,N/A,0,0,N/A,N/A,1374868244.2,N/A,1530832575.8,215496590,0,239942410,222.5374,2.0595,0.8886,-49.5823,
002015.SZ,霞客环保,2013-12-13,5.4545,5.4545,5.4545,5.4545,5.4545,N/A,N/A,0,0,N/A,N/A,1374868244.2,N/A,1530832575.8,215496590,0,239942410,222.5374,2.0595,0.8886,-49.5823,
002015.SZ,霞客环保,2013-12-16,5.4545,5.4545,5.4545,5.4545,5.4545,N/A,N/A,0,0,N/A,N/A,1374868244.2,N/A,1530832575.8,215496590,0,239942410,222.5374,2.0595,0.8886,-49.5823,
002015.SZ,霞客环保,2013-12-17,5.4545,5.4545,5.4545,5.4545,5.4545,N/A,N/A,0,0,N/A,N/A,1374868244.2,N/A,1530832575.8,215496590,0,239942410,222.5374,2.0595,0.8886,-49.5823,
002015.SZ,霞客环保,2013-12-18,5.4545,5.4545,5.4545,5.4545,5.4545,N/A,N/A,0,0,N/A,N/A,1374868244.2,N/A,1530832575.8,215496590,0,239942410,222.5374,2.0595,0.8886,-49.5823,
002015.SZ,霞客环保,2013-12-19,5.4545,5.4545,5.4545,5.4545,5.4545,N/A,N/A,0,0,N/A,N/A,1374868244.2,N/A,1530832575.8,215496590,0,239942410,222.5374,2.0595,0.8886,-49.5823,
002015.SZ,霞客环保,2013-12-20,5.4545,4.9073,4.9073,4.9073,4.9073,833800,4786012,-0.5472,-10.0313,5.74,0.3869,1236950426.6,N/A,1377269433.4,215496590,0,239942410,200.2139,1.8529,0.7995,-44.6086,
002015.SZ,霞客环保,2013-12-23,4.9073,4.497,4.6337,4.42,4.4799,12474228,65532584.1,-0.4275,-8.7108,5.2534,5.7886,1129202131.6,N/A,1257298228.4,215496590,0,239942410,182.7737,1.6915,0.7298,-40.7228,
002015.SZ,霞客环保,2013-12-24,4.4799,4.3773,4.5226,4.3602,4.5055,7647882,39891523,0.0256,0.5725,5.216,3.549,1135667029.3,N/A,1264496500.7,215496590,0,239942410,183.8201,1.7012,0.734,-40.9559,
002015.SZ,霞客环保,2013-12-25,4.5055,4.4628,4.5141,4.4371,4.5055,4389429,23004586.1,0,0,5.2409,2.0369,1135667029.3,N/A,1264496500.7,215496590,0,239942410,183.8201,1.7012,0.734,-40.9559,
002015.SZ,霞客环保,2013-12-26,4.5055,4.5055,4.5141,4.4542,4.4542,2630895,13760026.3,-0.0513,-1.1385,5.2302,1.2209,1122737233.9,N/A,1250099956.1,215496590,0,239942410,181.7273,1.6818,0.7257,-40.4896,
002015.SZ,霞客环保,2013-12-27,4.4542,4.4542,4.5397,4.4542,4.5141,2161593,11401736.5,0.0598,1.3436,5.2747,1.0031,1137821995.2,N/A,1266895924.8,215496590,0,239942410,184.1689,1.7044,0.7354,-41.0336,
002015.SZ,霞客环保,2013-12-30,4.5141,4.5397,4.5483,4.4884,4.5141,1913346,10098420.1,0,0,5.2779,0.8879,1137821995.2,N/A,1266895924.8,215496590,0,239942410,184.1689,1.7044,0.7354,-41.0336,
002015.SZ,霞客环保,2013-12-31,4.5141,4.5055,4.5568,4.4799,4.5055,2673822,14099070.9,-0.0085,-0.1894,5.273,1.2408,1135667029.3,N/A,1264496500.7,215496590,0,239942410,183.8201,1.7012,0.734,-40.9559,
002015.SZ,霞客环保,2014-01-02,4.5055,4.5141,4.7107,4.4713,4.6252,3993271,21476107.9,0.1197,2.6565,5.3781,1.8531,1165836551.9,N/A,1298088438.1,215496590,0,239942410,-3.7134,3.2968,0.6245,-22.116,
002015.SZ,霞客环保,2014-01-03,4.6252,4.6252,4.7278,4.5568,4.6679,4151095,22485818.6,0.0427,0.9242,5.4168,1.9263,1176611381.4,N/A,1310085558.6,215496590,0,239942410,-3.7477,3.3273,0.6303,-22.3204,
002015.SZ,霞客环保,2014-01-06,4.6679,4.6252,4.7278,4.5568,4.6252,8300520,45097520.7,-0.0427,-0.9158,5.4331,3.8518,1165836551.9,N/A,1298088438.1,215496590,0,239942410,-3.7134,3.2968,0.6245,-22.116,
002015.SZ,霞客环保,2014-01-07,4.6252,4.6166,4.6936,4.5397,4.5483,6152053,33092892.2,-0.0769,-1.6636,5.3792,2.8548,1146441858.8,N/A,1276493621.2,215496590,0,239942410,-3.6516,3.242,0.6141,-21.7481,
002015.SZ,霞客环保,2014-01-08,4.5483,4.5397,4.5824,4.4115,4.4371,4118445,21593880.6,-0.1111,-2.4436,5.2432,1.9111,1118427302.1,N/A,1245301107.9,215496590,0,239942410,-3.5624,3.1627,0.5991,-21.2166,
002015.SZ,霞客环保,2014-01-09,4.4371,4.4371,4.4884,4.3602,4.3687,4300410,22296743.6,-0.0684,-1.5414,5.1848,1.9956,1101187574.9,N/A,1226105715.1,215496590,0,239942410,-3.5075,3.114,0.5899,-20.8896,
002015.SZ,霞客环保,2014-01-10,4.3687,4.3687,4.3687,4.1892,4.1977,3673183,18288232.8,-0.171,-3.9139,4.9789,1.7045,1058088256.9,N/A,1178117233.1,215496590,0,239942410,-3.3702,2.9921,0.5668,-20.072,
002015.SZ,霞客环保,2014-01-13,4.1977,4.1806,4.2405,4.1806,4.1977,1709346,8421664.3,0,0,4.9268,0.7932,1058088256.9,N/A,1178117233.1,215496590,0,239942410,-3.3702,2.9921,0.5668,-20.072,
002015.SZ,霞客环保,2014-01-14,4.1977,4.2234,4.2832,4.1293,4.2661,1878532,9244423.2,0.0684,1.6293,4.9211,0.8717,1075327984.1,N/A,1197312625.9,215496590,0,239942410,-3.4251,3.0409,0.576,-20.399,
002015.SZ,霞客环保,2014-01-15,4.2661,4.2661,4.3089,4.2319,4.2747,1659261,8282520.2,0.0085,0.2004,4.9917,0.77,1077482950,N/A,1199712050,215496590,0,239942410,-3.432,3.0469,0.5772,-20.4399,
002015.SZ,霞客环保,2014-01-16,4.2747,4.3003,4.3345,4.2747,4.2918,1813442,9128582.8,0.0171,0.4,5.0338,0.8415,1081792881.8,N/A,1204510898.2,215496590,0,239942410,-3.4457,3.0591,0.5795,-20.5217,
002015.SZ,霞客环保,2014-01-17,4.2918,4.2918,4.3003,4.1721,4.1892,1792564,8834473.7,-0.1026,-2.3904,4.9284,0.8318,1055933291,N/A,1175717809,215496590,0,239942410,-3.3633,2.986,0.5656,-20.0311,
002015.SZ,霞客环保,2014-01-20,4.1892,4.1721,4.2832,4.1379,4.2661,1914392,9494909.5,0.0769,1.8367,4.9598,0.8884,1075327984.1,N/A,1197312625.9,215496590,0,239942410,-3.4251,3.0409,0.576,-20.399,
002015.SZ,霞客环保,2014-01-21,4.2661,4.249,4.2918,4.2234,4.2661,1233752,6147160.9,0,0,4.9825,0.5725,1075327984.1,N/A,1197312625.9,215496590,0,239942410,-3.4251,3.0409,0.576,-20.399,
002015.SZ,霞客环保,2014-01-22,4.2661,4.2832,4.3602,4.2661,4.3516,2163819,10954636.1,0.0855,2.004,5.0626,1.0041,1096877643.1,N/A,1221306866.9,215496590,0,239942410,-3.4938,3.1018,0.5876,-20.8078,
002015.SZ,霞客环保,2014-01-23,4.3516,4.3516,4.3858,4.3174,4.3602,1948846,9909913.3,0.0085,0.1965,5.085,0.9044,1099032609,N/A,1223706291,215496590,0,239942410,-3.5006,3.1079,0.5887,-20.8487,
002015.SZ,霞客环保,2014-01-24,4.3602,4.3773,4.5226,4.3345,4.4457,5933222,30831225.8,0.0855,1.9608,5.1964,2.7533,1120582268,N/A,1247700532,215496590,0,239942410,-3.5693,3.1688,0.6003,-21.2575,
002015.SZ,霞客环保,2014-01-27,4.4457,4.4115,4.4286,4.2747,4.3773,2794643,14252715,-0.0684,-1.5385,5.1,1.2968,1103342540.8,N/A,1228505139.2,215496590,0,239942410,-3.5143,3.1201,0.591,-20.9305,
002015.SZ,霞客环保,2014-01-28,4.3773,4.3687,4.4371,4.3345,4.3858,1832280,9395481.6,0.0085,0.1953,5.1278,0.8503,1105497506.7,N/A,1230904563.3,215496590,0,239942410,-3.5212,3.1262,0.5922,-20.9713,
002015.SZ,霞客环保,2014-01-29,4.3858,4.3773,4.42,4.3687,4.3858,1491124,7656926.5,0,0,5.135,0.6919,1105497506.7,N/A,1230904563.3,215496590,0,239942410,-3.5212,3.1262,0.5922,-20.9713,
002015.SZ,霞客环保,2014-01-30,4.3858,4.3858,4.4115,4.3345,4.3944,1276974,6551168.9,0.0085,0.1949,5.1302,0.5926,1107652472.6,N/A,1233303987.4,215496590,0,239942410,-3.5281,3.1323,0.5933,-21.0122,
002015.SZ,霞客环保,2014-02-07,4.3944,4.3773,4.6337,4.3431,4.5312,7893603,41622280,0.1368,3.1128,5.2729,3.663,1142131927,N/A,1271694773,215496590,0,239942410,-3.6379,3.2298,0.6118,-21.6663,
002015.SZ,霞客环保,2014-02-10,4.5312,4.5483,4.685,4.5055,4.6508,8423147,45174366,0.1197,2.6415,5.3631,3.9087,1172301449.6,N/A,1305286710.4,215496590,0,239942410,-3.734,3.3151,0.628,-22.2386,
002015.SZ,霞客环保,2014-02-11,4.6508,4.6423,4.7363,4.5824,4.6508,6958762,37833019.2,0,0,5.4367,3.2292,1172301449.6,N/A,1305286710.4,215496590,0,239942410,-3.734,3.3151,0.628,-22.2386,
002015.SZ,霞客环保,2014-02-12,4.6508,4.6252,4.8304,4.6252,4.7876,7524738,41661042,0.1368,2.9412,5.5365,3.4918,1206780904,N/A,1343677496,215496590,0,239942410,-3.8438,3.4126,0.6464,-22.8927,
002015.SZ,霞客环保,2014-02-13,4.7876,4.8133,4.8304,4.6936,4.6936,5354399,29834045.5,-0.094,-1.9643,5.5719,2.4847,1183076279.1,N/A,1317283830.9,215496590,0,239942410,-3.7683,3.3455,0.6338,-22.443,
002015.SZ,霞客环保,2014-02-14,4.6936,4.6679,4.7705,4.6594,4.7363,2773949,15332330.2,0.0427,0.9107,5.5273,1.2872,1193851108.6,N/A,1329280951.4,215496590,0,239942410,-3.8026,3.376,0.6395,-22.6474,
002015.SZ,霞客环保,2014-02-17,4.7363,4.7363,4.8475,4.7363,4.8133,4027986,22578097.4,0.0769,1.6245,5.6053,1.8692,1213245801.7,N/A,1350875768.3,215496590,0,239942410,-3.8644,3.4309,0.6499,-23.0153,
002015.SZ,霞客环保,2014-02-18,4.8133,4.8047,4.8047,4.7021,4.7449,4427317,24551479.6,-0.0684,-1.421,5.5455,2.0545,1196006074.5,N/A,1331680375.5,215496590,0,239942410,-3.8095,3.3821,0.6407,-22.6883,
002015.SZ,霞客环保,2014-02-19,4.7449,4.7534,4.8133,4.7449,4.762,3278652,18295803.2,0.0171,0.3604,5.5803,1.5214,1200316006.3,N/A,1336479223.7,215496590,0,239942410,-3.8232,3.3943,0.643,-22.77,
002015.SZ,霞客环保,2014-02-20,4.762,4.7876,4.7876,4.6765,4.685,3543670,19574625.9,-0.0769,-1.6158,5.5238,1.6444,1180921313.2,N/A,1314884406.8,215496590,0,239942410,-3.7614,3.3395,0.6326,-22.4021,
002015.SZ,霞客环保,2014-02-21,4.685,4.6765,4.7107,4.5995,4.6166,2419385,13154943.3,-0.0684,-1.4599,5.4373,1.1227,1163681586,N/A,1295689014,215496590,0,239942410,-3.7065,3.2907,0.6234,-22.0751,
002015.SZ,霞客环保,2014-02-24,4.6166,4.5824,4.8218,4.5568,4.8133,6215727,34158817.3,0.1966,4.2593,5.4955,2.8844,1213245801.7,N/A,1350875768.3,215496590,0,239942410,-3.8644,3.4309,0.6499,-23.0153,
002015.SZ,霞客环保,2014-02-25,4.8133,4.7962,4.7962,4.4542,4.4628,9029889,49192380.1,-0.3505,-7.2824,5.4477,4.1903,1124892199.8,N/A,1252499380.2,215496590,0,239942410,-3.583,3.181,0.6026,-21.3393,
002015.SZ,霞客环保,2014-02-26,4.4628,4.4115,4.6423,4.3944,4.5226,4589831,24053414.9,0.0598,1.341,5.2406,2.1299,1139976961.1,N/A,1269295348.9,215496590,0,239942410,-3.631,3.2237,0.6107,-21.6254,
002015.SZ,霞客环保,2014-02-27,4.5226,4.5312,4.5312,4.3516,4.3773,4730703,24603896,-0.1453,-3.2136,5.2009,2.1953,1103342540.8,N/A,1228505139.2,215496590,0,239942410,-3.5143,3.1201,0.591,-20.9305,
002015.SZ,霞客环保,2014-02-28,4.3773,4.3773,4.3773,4.2661,4.3602,3557938,17971989.8,-0.0171,-0.3906,5.0512,1.651,1099032609,N/A,1223706291,215496590,0,239942410,-3.5006,3.1079,0.5887,-20.8487,
002015.SZ,霞客环保,2014-03-03,4.3602,4.3516,4.5654,4.326,4.5654,5413371,28398130,0.2052,4.7059,5.2459,2.512,1150751790.6,N/A,1281292469.4,215496590,0,239942410,-3.6654,3.2541,0.6164,-21.8298,
002015.SZ,霞客环保,2014-03-04,4.5654,4.5312,4.5397,4.4371,4.5141,3540550,18541699.2,-0.0513,-1.1236,5.237,1.643,1137821995.2,N/A,1266895924.8,215496590,0,239942410,-3.6242,3.2176,0.6095,-21.5845,
002015.SZ,霞客环保,2014-03-05,4.5141,4.4884,4.5141,4.4542,4.4628,2219126,11629057.8,-0.0513,-1.1364,5.2404,1.0298,1124892199.8,N/A,1252499380.2,215496590,0,239942410,-3.583,3.181,0.6026,-21.3393,
002015.SZ,霞客环保,2014-03-06,4.4628,4.4542,4.5055,4.4029,4.4799,2157965,11260223.2,0.0171,0.3831,5.218,1.0014,1129202131.6,N/A,1257298228.4,215496590,0,239942410,-3.5967,3.1932,0.6049,-21.421,
002015.SZ,霞客环保,2014-03-07,4.4799,4.4713,4.497,4.42,4.4371,2148991,11194365.9,-0.0427,-0.9542,5.2091,0.9972,1118427302.1,N/A,1245301107.9,215496590,0,239942410,-3.5624,3.1627,0.5991,-21.2166,
002015.SZ,霞客环保,2014-03-10,4.4371,4.4115,4.42,4.2747,4.2832,3204588,16228356.3,-0.1539,-3.4682,5.0641,1.4871,1079637915.9,N/A,1202111474.1,215496590,0,239942410,-3.4388,3.053,0.5783,-20.4808,
002015.SZ,霞客环保,2014-03-11,4.2832,4.2832,4.3345,4.2661,4.3174,1864695,9380507.5,0.0342,0.7984,5.0306,0.8653,1088257779.5,N/A,1211709170.5,215496590,0,239942410,-3.4663,3.0774,0.583,-20.6443,
002015.SZ,霞客环保,2014-03-12,4.3174,4.3003,4.3687,4.2747,4.3516,2417620,12242244,0.0342,0.7921,5.0638,1.1219,1096877643.1,N/A,1221306866.9,215496590,0,239942410,-3.4938,3.1018,0.5876,-20.8078,
002015.SZ,霞客环保,2014-03-13,4.3516,4.3516,4.3516,4.3516,4.3516,N/A,N/A,0,0,N/A,N/A,1096877643.1,N/A,1221306866.9,215496590,0,239942410,-3.4938,3.1018,0.5876,-20.8078,
002015.SZ,霞客环保,2014-03-14,4.3516,4.3516,4.3516,4.3516,4.3516,N/A,N/A,0,0,N/A,N/A,1096877643.1,N/A,1221306866.9,215496590,0,239942410,-3.4938,3.1018,0.5876,-20.8078,
002015.SZ,霞客环保,2014-03-17,4.3516,4.3516,4.3516,4.3516,4.3516,N/A,N/A,0,0,N/A,N/A,1096877643.1,N/A,1221306866.9,215496590,0,239942410,-3.4938,3.1018,0.5876,-20.8078,
002015.SZ,霞客环保,2014-03-18,4.3516,4.3516,4.3516,4.3516,4.3516,N/A,N/A,0,0,N/A,N/A,1096877643.1,N/A,1221306866.9,215496590,0,239942410,-3.4938,3.1018,0.5876,-20.8078,
002015.SZ,霞客环保,2014-03-19,4.3516,4.3516,4.3516,4.3516,4.3516,N/A,N/A,0,0,N/A,N/A,1096877643.1,N/A,1221306866.9,215496590,0,239942410,-3.4938,3.1018,0.5876,-20.8078,
002015.SZ,霞客环保,2014-03-20,4.3516,4.3516,4.3516,4.3516,4.3516,N/A,N/A,0,0,N/A,N/A,1096877643.1,N/A,1221306866.9,215496590,0,239942410,-3.4938,3.1018,0.5876,-20.8078,
002015.SZ,霞客环保,2014-03-21,4.3516,4.1379,4.1379,4.1379,4.1379,632800,3062752,-0.2137,-4.9116,4.84,0.2936,1043003495.6,N/A,1161321264.4,215496590,0,239942410,-3.3222,2.9494,0.5587,-19.7858,
002015.SZ,霞客环保,2014-03-24,4.1379,3.9327,4.1208,3.9327,4.0695,18116278,84333374,-0.0684,-1.6529,4.6551,8.4068,1025763768.4,N/A,1142125871.6,215496590,0,239942410,-3.2672,2.9007,0.5495,-19.4588,
002015.SZ,霞客环保,2014-03-25,4.0695,4.0182,4.0438,3.9583,4.0096,10709102,50063710.3,-0.0598,-1.4706,4.6749,4.9695,1010679007.1,N/A,1125329902.9,215496590,0,239942410,-3.2192,2.858,0.5414,-19.1726,
002015.SZ,霞客环保,2014-03-26,4.0096,3.9754,4.078,3.9754,4.0353,6923992,32713724.6,0.0256,0.6397,4.7247,3.213,1017143904.8,N/A,1132528175.2,215496590,0,239942410,-3.2398,2.8763,0.5449,-19.2953,
002015.SZ,霞客环保,2014-03-27,4.0353,4.0353,4.0438,3.984,4.0353,4682049,21989991.6,0,0,4.6967,2.1727,1017143904.8,N/A,1132528175.2,215496590,0,239942410,-3.2398,2.8763,0.5449,-19.2953,
002015.SZ,霞客环保,2014-03-28,4.0353,4.0182,4.0609,3.9242,3.9412,5759680,26918883.5,-0.094,-2.3305,4.6737,2.6727,993439279.9,N/A,1106134510.1,215496590,0,239942410,-3.1643,2.8093,0.5322,-18.8456,
002015.SZ,霞客环保,2014-03-31,3.9412,3.9327,3.9498,3.8729,3.9071,3059459,14049220.4,-0.0342,-0.8677,4.5921,1.4197,984819416.3,N/A,1096536813.7,215496590,0,239942410,-3.1368,2.7849,0.5275,-18.6821,
002015.SZ,霞客环保,2014-04-01,3.9071,3.8814,3.9669,3.8814,3.9412,2361827,10893035.7,0.0342,0.8753,4.6121,1.096,993439279.9,N/A,1106134510.1,215496590,0,239942410,-3.1643,2.8093,0.5322,-18.8456,
002015.SZ,霞客环保,2014-04-02,3.9412,3.9498,4.1379,3.9498,4.1379,3447155,16572174.8,0.1966,4.9892,4.8075,1.5996,1043003495.6,N/A,1161321264.4,215496590,0,239942410,-3.3222,2.9494,0.5587,-19.7858,
002015.SZ,霞客环保,2014-04-03,4.1379,4.1293,4.1635,4.0524,4.0695,5544397,26587875.3,-0.0684,-1.6529,4.7954,2.5728,1025763768.4,N/A,1142125871.6,215496590,0,239942410,-3.2672,2.9007,0.5495,-19.4588,
002015.SZ,霞客环保,2014-04-04,4.0695,4.0695,4.1806,4.0695,4.1293,3715951,17908808,0.0598,1.4706,4.8194,1.7244,1040848529.7,N/A,1158921840.3,215496590,0,239942410,-3.3153,2.9434,0.5576,-19.7449,
002015.SZ,霞客环保,2014-04-08,4.1293,4.1037,4.155,4.0951,4.1379,2816690,13625745.7,0.0085,0.207,4.8375,1.3071,1043003495.6,N/A,1161321264.4,215496590,0,239942410,-3.3222,2.9494,0.5587,-19.7858,
002015.SZ,霞客环保,2014-04-09,4.1379,4.1464,4.1635,4.1208,4.1464,2725508,13207630.5,0.0085,0.2066,4.8459,1.2648,1045158461.5,N/A,1163720688.5,215496590,0,239942410,-3.329,2.9555,0.5599,-19.8267,
002015.SZ,霞客环保,2014-04-10,4.1464,4.155,4.2148,4.1293,4.1293,3337094,16245406.7,-0.0171,-0.4124,4.8681,1.5486,1040848529.7,N/A,1158921840.3,215496590,0,239942410,-3.3153,2.9434,0.5576,-19.7449,
002015.SZ,霞客环保,2014-04-11,4.1293,4.1208,4.1293,4.078,4.1037,3143679,15091714,-0.0256,-0.6211,4.8007,1.4588,1034383632,N/A,1151723568,215496590,0,239942410,-3.2947,2.9251,0.5541,-19.6223,
002015.SZ,霞客环保,2014-04-14,4.1037,4.0609,4.1293,4.0609,4.1208,3536579,16973840.9,0.0171,0.4167,4.7995,1.6411,1038693563.8,N/A,1156522416.2,215496590,0,239942410,-3.3084,2.9373,0.5564,-19.7041,
002015.SZ,霞客环保,2014-04-15,4.1208,4.1208,4.1806,4.1122,4.155,3055344,14839389.6,0.0342,0.8299,4.8569,1.4178,1047313427.4,N/A,1166120112.6,215496590,0,239942410,-3.3359,2.9616,0.561,-19.8676,
002015.SZ,霞客环保,2014-04-16,4.155,4.155,4.155,4.1208,4.1379,1349114,6525657.7,-0.0171,-0.4115,4.837,0.626,1043003495.6,N/A,1161321264.4,215496590,0,239942410,-3.3222,2.9494,0.5587,-19.7858,
002015.SZ,霞客环保,2014-04-17,4.1379,4.1379,4.2148,4.1379,4.1892,3267996,15994872.7,0.0513,1.2397,4.8944,1.5165,1055933291,N/A,1175717809,215496590,0,239942410,-3.3633,2.986,0.5656,-20.0311,
002015.SZ,霞客环保,2014-04-18,4.1892,4.1977,4.249,4.1635,4.2063,2322604,11418667.4,0.0171,0.4082,4.9163,1.0778,1060243222.8,N/A,1180516657.2,215496590,0,239942410,-3.3771,2.9982,0.568,-20.1129,
002015.SZ,霞客环保,2014-04-21,4.2063,4.1977,4.2319,4.1635,4.1635,2071713,10173094.7,-0.0427,-1.0163,4.9105,0.9614,1049468393.3,N/A,1168519536.7,215496590,0,239942410,-3.3427,2.9677,0.5622,-19.9085,
002015.SZ,霞客环保,2014-04-22,4.1635,4.155,4.1721,4.0353,4.1122,2771169,13330767.4,-0.0513,-1.232,4.8105,1.2859,1036538597.9,N/A,1154122992.1,215496590,0,239942410,-3.3016,2.9312,0.5553,-19.6632,
002015.SZ,霞客环保,2014-04-23,4.1122,4.1122,4.1464,4.078,4.1208,3146109,15130286,0.0085,0.2079,4.8092,1.4599,1038693563.8,N/A,1156522416.2,215496590,0,239942410,-3.3084,2.9373,0.5564,-19.7041,
002015.SZ,霞客环保,2014-04-24,4.1208,4.0951,4.1122,3.9242,4.0096,4132545,19477357.4,-0.1111,-2.6971,4.7132,1.9177,1010679007.1,N/A,1125329902.9,215496590,0,239942410,-3.2192,2.858,0.5414,-19.1726,
002015.SZ,霞客环保,2014-04-25,4.0096,3.984,4.0267,3.8814,3.9071,2784836,12879366.5,-0.1026,-2.5586,4.6248,1.2923,984819416.3,N/A,1096536813.7,215496590,0,239942410,-3.1368,2.7849,0.5275,-18.6821,
002015.SZ,霞客环保,2014-04-28,3.9071,3.8643,3.8985,3.7104,3.7104,3539751,15636892.6,-0.1966,-5.0328,4.4175,1.6426,935255200.6,N/A,1041350059.4,215496590,0,239942410,-2.979,2.6448,0.501,-17.7418,
002015.SZ,霞客环保,2014-04-29,3.7104,3.7104,3.7104,3.7104,3.7104,N/A,N/A,0,0,N/A,N/A,935255200.6,N/A,1041350059.4,215496590,0,239942410,-2.979,2.6448,0.501,-17.7418,
002015.SZ,霞客环保,2014-04-30,3.7104,3.6335,3.7788,3.6335,3.7532,3835801,16639506.9,0.0427,1.1521,4.3379,1.78,946030030.1,N/A,1053347179.9,215496590,0,239942410,-3.0133,2.6752,0.5068,-17.9462,
002015.SZ,霞客环保,2014-05-05,3.7532,3.719,3.89,3.7019,3.8472,2866372,12773595,0.094,2.5057,4.4564,1.3301,969734655,N/A,1079740845,215496590,0,239942410,-3.0888,2.7423,0.5195,-18.3959,
002015.SZ,霞客环保,2014-05-06,3.8472,3.8301,3.8472,3.7874,3.8301,3408740,15242129.4,-0.0171,-0.4444,4.4715,1.5818,965424723.2,N/A,1074941996.8,215496590,0,239942410,-3.0751,2.7301,0.5172,-18.3141,
002015.SZ,霞客环保,2014-05-07,3.8301,3.8301,3.8387,3.7361,3.7446,2448960,10881570.4,-0.0855,-2.2321,4.4433,1.1364,943875064.2,N/A,1050947755.8,215496590,0,239942410,-3.0064,2.6691,0.5056,-17.9053,
002015.SZ,霞客环保,2014-05-08,3.7446,3.719,3.8045,3.719,3.7532,2272161,9999691.4,0.0085,0.2283,4.401,1.0544,946030030.1,N/A,1053347179.9,215496590,0,239942410,-3.0133,2.6752,0.5068,-17.9462,
002015.SZ,霞客环保,2014-05-09,3.7532,3.7532,3.7703,3.6677,3.7019,1364341,5936901.3,-0.0513,-1.3667,4.3515,0.6331,933100234.7,N/A,1038950635.3,215496590,0,239942410,-2.9721,2.6387,0.4998,-17.701,
002015.SZ,霞客环保,2014-05-12,3.7019,3.7361,3.8216,3.719,3.8045,2452796,10849143.6,0.1026,2.7714,4.4232,1.1382,958959825.5,N/A,1067743724.5,215496590,0,239942410,-3.0545,2.7118,0.5137,-18.1915,
002015.SZ,霞客环保,2014-05-13,3.8045,3.8216,3.8558,3.7959,3.8301,2529785,11338537.7,0.0256,0.6742,4.482,1.1739,965424723.2,N/A,1074941996.8,215496590,0,239942410,-3.0751,2.7301,0.5172,-18.3141,
002015.SZ,霞客环保,2014-05-14,3.8301,3.8045,3.9156,3.8045,3.8985,2244859,10196859.9,0.0684,1.7857,4.5423,1.0417,982664450.4,N/A,1094137389.6,215496590,0,239942410,-3.13,2.7788,0.5264,-18.6412,
002015.SZ,霞客环保,2014-05-15,3.8985,3.8814,3.8985,3.8045,3.813,2761439,12461406.6,-0.0855,-2.193,4.5126,1.2814,961114791.4,N/A,1070143148.6,215496590,0,239942410,-3.0613,2.7179,0.5149,-18.2324,
002015.SZ,霞客环保,2014-05-16,3.813,3.813,3.8729,3.7703,3.813,2422617,10779130,0,0,4.4494,1.1242,961114791.4,N/A,1070143148.6,215496590,0,239942410,-3.0613,2.7179,0.5149,-18.2324,
002015.SZ,霞客环保,2014-05-19,3.813,3.8045,3.8216,3.7532,3.813,1268415,5630355.3,0,0,4.4389,0.5886,961114791.4,N/A,1070143148.6,215496590,0,239942410,-3.0613,2.7179,0.5149,-18.2324,
002015.SZ,霞客环保,2014-05-20,3.813,3.813,3.8814,3.813,3.8814,1421373,6402743.4,0.0684,1.7937,4.5046,0.6596,978354518.6,N/A,1089338541.4,215496590,0,239942410,-3.1162,2.7666,0.5241,-18.5594,
002015.SZ,霞客环保,2014-05-21,3.8814,3.8643,3.8814,3.8387,3.8643,2819966,12706759.3,-0.0171,-0.4405,4.506,1.3086,974044586.8,N/A,1084539693.2,215496590,0,239942410,-3.1025,2.7544,0.5218,-18.4777,
002015.SZ,霞客环保,2014-05-22,3.8643,3.8558,3.89,3.8301,3.8472,2124245,9595788.3,-0.0171,-0.4425,4.5173,0.9857,969734655,N/A,1079740845,215496590,0,239942410,-3.0888,2.7423,0.5195,-18.3959,
002015.SZ,霞客环保,2014-05-23,3.8472,3.8472,3.8729,3.8216,3.8472,1792747,8070726.2,0,0,4.5019,0.8319,969734655,N/A,1079740845,215496590,0,239942410,-3.0888,2.7423,0.5195,-18.3959,
002015.SZ,霞客环保,2014-05-26,3.8472,3.8301,3.8643,3.8301,3.8558,2150347,9684909.7,0.0085,0.2222,4.5039,0.9979,971889620.9,N/A,1082140269.1,215496590,0,239942410,-3.0956,2.7483,0.5206,-18.4368,
002015.SZ,霞客环保,2014-05-27,3.8558,3.8387,3.8558,3.8301,3.8472,2213581,9950179.4,-0.0085,-0.2217,4.4951,1.0272,969734655,N/A,1079740845,215496590,0,239942410,-3.0888,2.7423,0.5195,-18.3959,
002015.SZ,霞客环保,2014-05-28,3.8472,3.8472,3.89,3.8216,3.8558,2586841,11672403.3,0.0085,0.2222,4.5122,1.2004,971889620.9,N/A,1082140269.1,215496590,0,239942410,-3.0956,2.7483,0.5206,-18.4368,
002015.SZ,霞客环保,2014-05-29,3.8558,3.8472,3.9669,3.8472,3.8643,3956529,18054835.7,0.0085,0.2217,4.5633,1.836,974044586.8,N/A,1084539693.2,215496590,0,239942410,-3.1025,2.7544,0.5218,-18.4777,
002015.SZ,霞客环保,2014-05-30,3.8643,3.8558,3.9242,3.8472,3.89,3082506,13993041.8,0.0256,0.6637,4.5395,1.4304,980509484.5,N/A,1091737965.5,215496590,0,239942410,-3.1231,2.7727,0.5252,-18.6003,
002015.SZ,霞客环保,2014-06-03,3.89,3.89,4.0609,3.8643,3.9498,3922622,18144247.8,0.0598,1.5385,4.6255,1.8203,995594245.8,N/A,1108533934.2,215496590,0,239942410,-3.1711,2.8154,0.5333,-18.8865,
002015.SZ,霞客环保,2014-06-04,3.9498,3.9498,4.0011,3.9071,3.9242,3187613,14737870.1,-0.0256,-0.6494,4.6235,1.4792,989129348.1,N/A,1101335661.9,215496590,0,239942410,-3.1506,2.7971,0.5299,-18.7638,
002015.SZ,霞客环保,2014-06-05,3.9242,3.9242,4.1208,3.9156,4.0866,10840756,51677298.7,0.1624,4.1394,4.7669,5.0306,1030073700.2,N/A,1146924719.8,215496590,0,239942410,-3.281,2.9129,0.5518,-19.5405,
002015.SZ,霞客环保,2014-06-06,4.0866,4.1037,4.2918,4.0182,4.2918,10857849,53112258.8,0.2052,5.0209,4.8916,5.0385,1081792881.8,N/A,1204510898.2,215496590,0,239942410,-3.4457,3.0591,0.5795,-20.5217,
002015.SZ,霞客环保,2014-06-09,4.2918,4.2918,4.5055,4.2405,4.4029,11341464,58206007.3,0.1111,2.5896,5.1321,5.2629,1109807438.5,N/A,1235703411.5,215496590,0,239942410,-3.5349,3.1384,0.5945,-21.0531,
002015.SZ,霞客环保,2014-06-10,4.4029,4.3602,4.42,4.3089,4.3602,4049846,20620449.1,-0.0427,-0.9709,5.0917,1.8793,1099032609,N/A,1223706291,215496590,0,239942410,-3.5006,3.1079,0.5887,-20.8487,
002015.SZ,霞客环保,2014-06-11,4.3602,4.3516,4.4884,4.3431,4.3602,3575684,18341063.3,0,0,5.1294,1.6593,1099032609,N/A,1223706291,215496590,0,239942410,-3.5006,3.1079,0.5887,-20.8487,
002015.SZ,霞客环保,2014-06-12,4.3602,4.3687,4.4457,4.3431,4.4457,4408745,22641499,0.0855,1.9608,5.1356,2.0459,1120582268,N/A,1247700532,215496590,0,239942410,-3.5693,3.1688,0.6003,-21.2575,
002015.SZ,霞客环保,2014-06-13,4.4457,4.4371,4.6679,4.42,4.6679,8083540,43018387.5,0.2223,5,5.3217,3.7511,1176611381.4,N/A,1310085558.6,215496590,0,239942410,-3.7477,3.3273,0.6303,-22.3204,
002015.SZ,霞客环保,2014-06-16,4.6679,4.7021,4.7449,4.591,4.6679,5933919,32307741.7,0,0,5.4446,2.7536,1176611381.4,N/A,1310085558.6,215496590,0,239942410,-3.7477,3.3273,0.6303,-22.3204,
002015.SZ,霞客环保,2014-06-17,4.6679,4.6337,4.7449,4.5995,4.7449,4530106,24780506.6,0.0769,1.6484,5.4702,2.1022,1196006074.5,N/A,1331680375.5,215496590,0,239942410,-3.8095,3.3821,0.6407,-22.6883,
002015.SZ,霞客环保,2014-06-18,4.7449,4.7278,4.8389,4.6679,4.6679,3533250,19591522.7,-0.0769,-1.6216,5.5449,1.6396,1176611381.4,N/A,1310085558.6,215496590,0,239942410,-3.7477,3.3273,0.6303,-22.3204,
002015.SZ,霞客环保,2014-06-19,4.6679,4.6166,4.6252,4.4371,4.4371,5299305,27851806.8,-0.2308,-4.9451,5.2557,2.4591,1118427302.1,N/A,1245301107.9,215496590,0,239942410,-3.5624,3.1627,0.5991,-21.2166,
002015.SZ,霞客环保,2014-06-20,4.4371,4.4371,4.5055,4.2832,4.4457,2734796,14171521.8,0.0085,0.1927,5.1819,1.2691,1120582268,N/A,1247700532,215496590,0,239942410,-3.5693,3.1688,0.6003,-21.2575,
002015.SZ,霞客环保,2014-06-23,4.4457,4.4457,4.6508,4.4457,4.5397,2649542,14123849.1,0.094,2.1154,5.3307,1.2295,1144286892.9,N/A,1274094197.1,215496590,0,239942410,-3.6448,3.2359,0.613,-21.7072,
002015.SZ,霞客环保,2014-06-24,4.5397,4.5397,4.6765,4.5397,4.5995,2223784,11994286.7,0.0598,1.3183,5.3936,1.0319,1159371654.2,N/A,1290890165.8,215496590,0,239942410,-3.6928,3.2785,0.6211,-21.9933,
002015.SZ,霞客环保,2014-06-25,4.5995,4.591,4.6508,4.5739,4.5739,1649689,8881394.8,-0.0256,-0.5576,5.3837,0.7655,1152906756.5,N/A,1283691893.5,215496590,0,239942410,-3.6722,3.2602,0.6176,-21.8707,
002015.SZ,霞客环保,2014-06-26,4.5739,4.5739,4.7449,4.5483,4.7021,3199310,17366544.6,0.1282,2.8037,5.4282,1.4846,1185231245,N/A,1319683255,215496590,0,239942410,-3.7752,3.3516,0.6349,-22.4839,
002015.SZ,霞客环保,2014-06-27,4.7021,4.7192,4.8731,4.6679,4.7705,3079852,17251038.8,0.0684,1.4545,5.6013,1.4292,1202470972.2,N/A,1338878647.8,215496590,0,239942410,-3.8301,3.4004,0.6441,-22.8109,
002015.SZ,霞客环保,2014-06-30,4.7705,4.7192,4.8731,4.6936,4.7449,3037408,16940585,-0.0256,-0.5376,5.5773,1.3847,1217395735.65,N/A,1331680375.5,219350583,0,239942410,-3.8095,3.3821,0.6407,-22.6883,
002015.SZ,霞客环保,2014-07-01,4.7449,4.7449,4.7534,4.6508,4.6765,2660114,14561538.6,-0.0684,-1.4414,5.474,1.2127,1199847689.01,N/A,1312484982.7,219350583,0,239942410,-3.7546,3.3334,0.6314,-22.3612,
002015.SZ,霞客环保,2014-07-02,4.6765,4.6594,4.8304,4.6166,4.7705,3671607,20399905.5,0.094,2.011,5.5561,1.6739,1223976253.14,N/A,1338878647.8,219350583,0,239942410,-3.8301,3.4004,0.6441,-22.8109,
002015.SZ,霞客环保,2014-07-03,4.7705,4.7192,4.8475,4.7192,4.8218,2434826,13651382.6,0.0513,1.0753,5.6067,1.11,1237137288.12,N/A,1353275192.4,219350583,0,239942410,-3.8713,3.437,0.6511,-23.0562,
002015.SZ,霞客环保,2014-07-04,4.8218,4.8389,5.0356,4.7876,4.9757,4221070,24310725.4,0.1539,3.1915,5.7594,1.9243,1276620393.06,N/A,1396464826.2,219350583,0,239942410,-3.9948,3.5466,0.6718,-23.792,
002015.SZ,霞客环保,2014-07-07,4.9757,4.8817,4.9159,4.762,4.856,5965327,33656778.8,-0.1197,-2.4055,5.6421,2.7195,1245911311.44,N/A,1362872888.8,219350583,0,239942410,-3.8987,3.4613,0.6557,-23.2197,
002015.SZ,霞客环保,2014-07-08,4.856,4.8646,4.9757,4.8389,4.8646,3281989,18714448.5,0.0085,0.1761,5.7022,1.4962,1248104817.27,N/A,1365272312.9,219350583,0,239942410,-3.9056,3.4674,0.6568,-23.2606,
002015.SZ,霞客环保,2014-07-09,4.8646,4.8475,4.9159,4.6252,4.6252,8189478,45310166,-0.2394,-4.9209,5.5327,3.7335,1186686654.03,N/A,1298088438.1,219350583,0,239942410,-3.7134,3.2968,0.6245,-22.116,
002015.SZ,霞客环保,2014-07-10,4.6252,4.6252,4.6594,4.4542,4.5055,6384236,34046156,-0.1197,-2.5878,5.3328,2.9105,1155977572.41,N/A,1264496500.7,219350583,0,239942410,-3.6173,3.2115,0.6084,-21.5437,
002015.SZ,霞客环保,2014-07-11,4.5055,4.4884,4.6252,4.4713,4.497,8089235,42724546.6,-0.0085,-0.1898,5.2817,3.6878,1153784066.58,N/A,1262097076.6,219350583,0,239942410,-3.6104,3.2054,0.6072,-21.5028,
002015.SZ,霞客环保,2014-07-14,4.497,4.4884,4.5824,4.4713,4.5568,7573240,40068732.9,0.0598,1.3308,5.2908,3.4526,1169138607.39,N/A,1278893045.3,219350583,0,239942410,-3.6585,3.248,0.6153,-21.7889,
002015.SZ,霞客环保,2014-07-15,4.5568,4.5397,4.5739,4.4713,4.4884,4432450,23356061,-0.0684,-1.5009,5.2693,2.0207,1151590560.75,N/A,1259697652.5,219350583,0,239942410,-3.6036,3.1993,0.606,-21.4619,
002015.SZ,霞客环保,2014-07-16,4.4884,4.5226,4.5739,4.4799,4.5568,3295689,17452053.4,0.0684,1.5238,5.2954,1.5025,1169138607.39,N/A,1278893045.3,219350583,0,239942410,-3.6585,3.248,0.6153,-21.7889,
002015.SZ,霞客环保,2014-07-17,4.5568,4.5568,4.5568,4.5568,4.5568,N/A,N/A,0,0,N/A,N/A,1169138607.39,N/A,1278893045.3,219350583,0,239942410,-3.6585,3.248,0.6153,-21.7889,
002015.SZ,霞客环保,2014-07-18,4.5568,4.5568,4.5568,4.5568,4.5568,N/A,N/A,0,0,N/A,N/A,1169138607.39,N/A,1278893045.3,219350583,0,239942410,-3.6585,3.248,0.6153,-21.7889,
002015.SZ,霞客环保,2014-07-21,4.5568,4.5568,4.5568,4.5568,4.5568,N/A,N/A,0,0,N/A,N/A,1169138607.39,N/A,1278893045.3,219350583,0,239942410,-3.6585,3.248,0.6153,-21.7889,
002015.SZ,霞客环保,2014-07-22,4.5568,4.5568,4.5568,4.5568,4.5568,N/A,N/A,0,0,N/A,N/A,1169138607.39,N/A,1278893045.3,219350583,0,239942410,-3.6585,3.248,0.6153,-21.7889,
002015.SZ,霞客环保,2014-07-23,4.5568,4.5568,4.5568,4.5568,4.5568,N/A,N/A,0,0,N/A,N/A,1169138607.39,N/A,1278893045.3,219350583,0,239942410,-3.6585,3.248,0.6153,-21.7889,
002015.SZ,霞客环保,2014-07-24,4.5568,4.5568,4.5568,4.5568,4.5568,N/A,N/A,0,0,N/A,N/A,1169138607.39,N/A,1278893045.3,219350583,0,239942410,-3.6585,3.248,0.6153,-21.7889,
002015.SZ,霞客环保,2014-07-25,4.5568,4.5568,4.5568,4.5568,4.5568,N/A,N/A,0,0,N/A,N/A,1169138607.39,N/A,1278893045.3,219350583,0,239942410,-3.6585,3.248,0.6153,-21.7889,
002015.SZ,霞客环保,2014-07-28,4.5568,4.5568,4.5568,4.5568,4.5568,N/A,N/A,0,0,N/A,N/A,1169138607.39,N/A,1278893045.3,219350583,0,239942410,-3.6585,3.248,0.6153,-21.7889,
002015.SZ,霞客环保,2014-07-29,4.5568,4.5568,4.5568,4.5568,4.5568,N/A,N/A,0,0,N/A,N/A,1169138607.39,N/A,1278893045.3,219350583,0,239942410,-3.6585,3.248,0.6153,-21.7889,
002015.SZ,霞客环保,2014-07-30,4.5568,4.5568,4.5568,4.5568,4.5568,N/A,N/A,0,0,N/A,N/A,1169138607.39,N/A,1278893045.3,219350583,0,239942410,-3.6585,3.248,0.6153,-21.7889,
002015.SZ,霞客环保,2014-07-31,4.5568,4.5568,4.5568,4.5568,4.5568,N/A,N/A,0,0,N/A,N/A,1169138607.39,N/A,1278893045.3,219350583,0,239942410,-3.6585,3.248,0.6153,-21.7889,
002015.SZ,霞客环保,2014-08-01,4.5568,4.5568,4.5568,4.5568,4.5568,N/A,N/A,0,0,N/A,N/A,1169138607.39,N/A,1278893045.3,219350583,0,239942410,-3.6585,3.248,0.6153,-21.7889,
002015.SZ,霞客环保,2014-08-04,4.5568,4.5568,4.5568,4.5568,4.5568,N/A,N/A,0,0,N/A,N/A,1169138607.39,N/A,1278893045.3,219350583,0,239942410,-3.6585,3.248,0.6153,-21.7889,
002015.SZ,霞客环保,2014-08-05,4.5568,4.5568,4.5568,4.5568,4.5568,N/A,N/A,0,0,N/A,N/A,1169138607.39,N/A,1278893045.3,219350583,0,239942410,-3.6585,3.248,0.6153,-21.7889,
002015.SZ,霞客环保,2014-08-06,4.5568,4.5568,4.5568,4.5568,4.5568,N/A,N/A,0,0,N/A,N/A,1169138607.39,N/A,1278893045.3,219350583,0,239942410,-3.6585,3.248,0.6153,-21.7889,
002015.SZ,霞客环保,2014-08-07,4.5568,4.5568,4.5568,4.5568,4.5568,N/A,N/A,0,0,N/A,N/A,1169138607.39,N/A,1278893045.3,219350583,0,239942410,-3.6585,3.248,0.6153,-21.7889,
002015.SZ,霞客环保,2014-08-08,4.5568,4.5568,4.5568,4.5568,4.5568,N/A,N/A,0,0,N/A,N/A,1169138607.39,N/A,1278893045.3,219350583,0,239942410,-3.6585,3.248,0.6153,-21.7889,
002015.SZ,霞客环保,2014-08-11,4.5568,4.5568,4.5568,4.5568,4.5568,N/A,N/A,0,0,N/A,N/A,1169138607.39,N/A,1278893045.3,219350583,0,239942410,-3.6585,3.248,0.6153,-21.7889,
002015.SZ,霞客环保,2014-08-12,4.5568,4.5568,4.5568,4.5568,4.5568,N/A,N/A,0,0,N/A,N/A,1169138607.39,N/A,1278893045.3,219350583,0,239942410,-3.6585,3.248,0.6153,-21.7889,
002015.SZ,霞客环保,2014-08-13,4.5568,4.5568,4.5568,4.5568,4.5568,N/A,N/A,0,0,N/A,N/A,1169138607.39,N/A,1278893045.3,219350583,0,239942410,-3.6585,3.248,0.6153,-21.7889,
002015.SZ,霞客环保,2014-08-14,4.5568,4.5568,4.5568,4.5568,4.5568,N/A,N/A,0,0,N/A,N/A,1169138607.39,N/A,1278893045.3,219350583,0,239942410,-3.6585,3.248,0.6153,-21.7889,
002015.SZ,霞客环保,2014-08-15,4.5568,4.5568,4.5568,4.5568,4.5568,N/A,N/A,0,0,N/A,N/A,1169138607.39,N/A,1278893045.3,219350583,0,239942410,-3.6585,3.248,0.6153,-21.7889,
002015.SZ,霞客环保,2014-08-18,4.5568,4.5568,4.5568,4.5568,4.5568,N/A,N/A,0,0,N/A,N/A,1169138607.39,N/A,1278893045.3,219350583,0,239942410,-3.6585,3.248,0.6153,-21.7889,
002015.SZ,霞客环保,2014-08-19,4.5568,4.5568,4.5568,4.5568,4.5568,N/A,N/A,0,0,N/A,N/A,1169138607.39,N/A,1278893045.3,219350583,0,239942410,-3.6585,3.248,0.6153,-21.7889,
002015.SZ,霞客环保,2014-08-20,4.5568,4.5568,4.5568,4.5568,4.5568,N/A,N/A,0,0,N/A,N/A,1169138607.39,N/A,1278893045.3,219350583,0,239942410,-3.6585,3.248,0.6153,-21.7889,
002015.SZ,霞客环保,2014-08-21,4.5568,4.5568,4.5568,4.5568,4.5568,N/A,N/A,0,0,N/A,N/A,1169138607.39,N/A,1278893045.3,219350583,0,239942410,-3.6585,3.248,0.6153,-21.7889,
002015.SZ,霞客环保,2014-08-22,4.5568,4.5568,4.5568,4.5568,4.5568,N/A,N/A,0,0,N/A,N/A,1169138607.39,N/A,1278893045.3,219350583,0,239942410,-3.6585,3.248,0.6153,-21.7889,
002015.SZ,霞客环保,2014-08-25,4.5568,4.5568,4.5568,4.5568,4.5568,N/A,N/A,0,0,N/A,N/A,1169138607.39,N/A,1278893045.3,219350583,0,239942410,-3.6585,3.248,0.6153,-21.7889,
002015.SZ,霞客环保,2014-08-26,4.5568,4.5568,4.5568,4.5568,4.5568,N/A,N/A,0,0,N/A,N/A,1169138607.39,N/A,1278893045.3,219350583,0,239942410,-3.6585,3.248,0.6153,-21.7889,
002015.SZ,霞客环保,2014-08-27,4.5568,4.5568,4.5568,4.5568,4.5568,N/A,N/A,0,0,N/A,N/A,1169138607.39,N/A,1278893045.3,219350583,0,239942410,-3.6585,3.248,0.6153,-21.7889,
002015.SZ,霞客环保,2014-08-28,4.5568,4.5568,4.5568,4.5568,4.5568,N/A,N/A,0,0,N/A,N/A,1169138607.39,N/A,1278893045.3,219350583,0,239942410,-3.6585,3.248,0.6153,-21.7889,
002015.SZ,霞客环保,2014-08-29,4.5568,4.5568,4.5568,4.5568,4.5568,N/A,N/A,0,0,N/A,N/A,1169138607.39,N/A,1278893045.3,219350583,0,239942410,-3.6585,3.248,0.6153,-21.7889,
002015.SZ,霞客环保,2014-09-01,4.5568,4.5568,4.5568,4.5568,4.5568,N/A,N/A,0,0,N/A,N/A,1169138607.39,N/A,1278893045.3,219350583,0,239942410,-3.6585,3.248,0.6153,-21.7889,
002015.SZ,霞客环保,2014-09-02,4.5568,4.5568,4.5568,4.5568,4.5568,N/A,N/A,0,0,N/A,N/A,1169138607.39,N/A,1278893045.3,219350583,0,239942410,-3.6585,3.248,0.6153,-21.7889,
002015.SZ,霞客环保,2014-09-03,4.5568,4.5568,4.5568,4.5568,4.5568,N/A,N/A,0,0,N/A,N/A,1169138607.39,N/A,1278893045.3,219350583,0,239942410,-3.6585,3.248,0.6153,-21.7889,
002015.SZ,霞客环保,2014-09-04,4.5568,4.5568,4.5568,4.5568,4.5568,N/A,N/A,0,0,N/A,N/A,1169138607.39,N/A,1278893045.3,219350583,0,239942410,-3.6585,3.248,0.6153,-21.7889,
002015.SZ,霞客环保,2014-09-05,4.5568,4.5568,4.5568,4.5568,4.5568,N/A,N/A,0,0,N/A,N/A,1169138607.39,N/A,1278893045.3,219350583,0,239942410,-3.6585,3.248,0.6153,-21.7889,
002015.SZ,霞客环保,2014-09-09,4.5568,4.5568,4.5568,4.5568,4.5568,N/A,N/A,0,0,N/A,N/A,1169138607.39,N/A,1278893045.3,219350583,0,239942410,-3.6585,3.248,0.6153,-21.7889,
002015.SZ,霞客环保,2014-09-10,4.5568,4.5568,4.5568,4.5568,4.5568,N/A,N/A,0,0,N/A,N/A,1169138607.39,N/A,1278893045.3,219350583,0,239942410,-3.6585,3.248,0.6153,-21.7889,
002015.SZ,霞客环保,2014-09-11,4.5568,4.5568,4.5568,4.5568,4.5568,N/A,N/A,0,0,N/A,N/A,1169138607.39,N/A,1278893045.3,219350583,0,239942410,-3.6585,3.248,0.6153,-21.7889,
002015.SZ,霞客环保,2014-09-12,4.5568,4.5568,4.5568,4.5568,4.5568,N/A,N/A,0,0,N/A,N/A,1169138607.39,N/A,1278893045.3,219350583,0,239942410,-3.6585,3.248,0.6153,-21.7889,
002015.SZ,霞客环保,2014-09-15,4.5568,4.5568,4.5568,4.5568,4.5568,N/A,N/A,0,0,N/A,N/A,1169138607.39,N/A,1278893045.3,219350583,0,239942410,-3.6585,3.248,0.6153,-21.7889,
002015.SZ,霞客环保,2014-09-16,4.5568,4.5568,4.5568,4.5568,4.5568,N/A,N/A,0,0,N/A,N/A,1169138607.39,N/A,1278893045.3,219350583,0,239942410,-3.6585,3.248,0.6153,-21.7889,
002015.SZ,霞客环保,2014-09-17,4.5568,4.5568,4.5568,4.5568,4.5568,N/A,N/A,0,0,N/A,N/A,1169138607.39,N/A,1278893045.3,219350583,0,239942410,-3.6585,3.248,0.6153,-21.7889,
002015.SZ,霞客环保,2014-09-18,4.5568,4.5568,4.5568,4.5568,4.5568,N/A,N/A,0,0,N/A,N/A,1169138607.39,N/A,1278893045.3,219350583,0,239942410,-3.6585,3.248,0.6153,-21.7889,
002015.SZ,霞客环保,2014-09-19,4.5568,4.5568,4.5568,4.5568,4.5568,N/A,N/A,0,0,N/A,N/A,1169138607.39,N/A,1278893045.3,219350583,0,239942410,-3.6585,3.248,0.6153,-21.7889,
002015.SZ,霞客环保,2014-09-22,4.5568,4.5568,4.5568,4.5568,4.5568,N/A,N/A,0,0,N/A,N/A,1169138607.39,N/A,1278893045.3,219350583,0,239942410,-3.6585,3.248,0.6153,-21.7889,
002015.SZ,霞客环保,2014-09-23,4.5568,4.5568,4.5568,4.5568,4.5568,N/A,N/A,0,0,N/A,N/A,1169138607.39,N/A,1278893045.3,219350583,0,239942410,-3.6585,3.248,0.6153,-21.7889,
002015.SZ,霞客环保,2014-09-24,4.5568,4.5568,4.5568,4.5568,4.5568,N/A,N/A,0,0,N/A,N/A,1169138607.39,N/A,1278893045.3,219350583,0,239942410,-3.6585,3.248,0.6153,-21.7889,
002015.SZ,霞客环保,2014-09-25,4.5568,4.5568,4.5568,4.5568,4.5568,N/A,N/A,0,0,N/A,N/A,1169138607.39,N/A,1278893045.3,219350583,0,239942410,-3.6585,3.248,0.6153,-21.7889,
002015.SZ,霞客环保,2014-09-26,4.5568,4.5568,4.5568,4.5568,4.5568,N/A,N/A,0,0,N/A,N/A,1169138607.39,N/A,1278893045.3,219350583,0,239942410,-3.6585,3.248,0.6153,-21.7889,
002015.SZ,霞客环保,2014-09-29,4.5568,4.5568,4.5568,4.5568,4.5568,N/A,N/A,0,0,N/A,N/A,1169138607.39,N/A,1278893045.3,219350583,0,239942410,-3.6585,3.248,0.6153,-21.7889,
002015.SZ,霞客环保,2014-09-30,4.5568,4.5568,4.5568,4.5568,4.5568,N/A,N/A,0,0,N/A,N/A,1169138607.39,N/A,1278893045.3,219350583,0,239942410,-3.6585,3.248,0.6153,-21.7889,
002015.SZ,霞客环保,2014-10-08,4.5568,4.5568,4.5568,4.5568,4.5568,N/A,N/A,0,0,N/A,N/A,1169138607.39,N/A,1278893045.3,219350583,0,239942410,-3.6585,3.248,0.6153,-21.7889,
002015.SZ,霞客环保,2014-10-09,4.5568,4.5568,4.5568,4.5568,4.5568,N/A,N/A,0,0,N/A,N/A,1169138607.39,N/A,1278893045.3,219350583,0,239942410,-3.6585,3.248,0.6153,-21.7889,
002015.SZ,霞客环保,2014-10-10,4.5568,4.5568,4.5568,4.5568,4.5568,N/A,N/A,0,0,N/A,N/A,1169138607.39,N/A,1278893045.3,219350583,0,239942410,-3.6585,3.248,0.6153,-21.7889,
002015.SZ,霞客环保,2014-10-13,4.5568,4.5568,4.5568,4.5568,4.5568,N/A,N/A,0,0,N/A,N/A,1169138607.39,N/A,1278893045.3,219350583,0,239942410,-3.6585,3.248,0.6153,-21.7889,
002015.SZ,霞客环保,2014-10-14,4.5568,4.5568,4.5568,4.5568,4.5568,N/A,N/A,0,0,N/A,N/A,1169138607.39,N/A,1278893045.3,219350583,0,239942410,-3.6585,3.248,0.6153,-21.7889,
002015.SZ,霞客环保,2014-10-15,4.5568,4.5568,4.5568,4.5568,4.5568,N/A,N/A,0,0,N/A,N/A,1169138607.39,N/A,1278893045.3,219350583,0,239942410,-3.6585,3.248,0.6153,-21.7889,
002015.SZ,霞客环保,2014-10-16,4.5568,4.5568,4.5568,4.5568,4.5568,N/A,N/A,0,0,N/A,N/A,1169138607.39,N/A,1278893045.3,219350583,0,239942410,-3.6585,3.248,0.6153,-21.7889,
002015.SZ,霞客环保,2014-10-17,4.5568,4.5568,4.5568,4.5568,4.5568,N/A,N/A,0,0,N/A,N/A,1169138607.39,N/A,1278893045.3,219350583,0,239942410,-3.6585,3.248,0.6153,-21.7889,
002015.SZ,霞客环保,2014-10-20,4.5568,4.5568,4.5568,4.5568,4.5568,N/A,N/A,0,0,N/A,N/A,1169138607.39,N/A,1278893045.3,219350583,0,239942410,-3.6585,3.248,0.6153,-21.7889,
002015.SZ,霞客环保,2014-10-21,4.5568,4.5568,4.5568,4.5568,4.5568,N/A,N/A,0,0,N/A,N/A,1169138607.39,N/A,1278893045.3,219350583,0,239942410,-3.6585,3.248,0.6153,-21.7889,
002015.SZ,霞客环保,2014-10-22,4.5568,4.5568,4.5568,4.5568,4.5568,N/A,N/A,0,0,N/A,N/A,1169138607.39,N/A,1278893045.3,219350583,0,239942410,-3.6585,3.248,0.6153,-21.7889,
002015.SZ,霞客环保,2014-10-23,4.5568,4.5568,4.5568,4.5568,4.5568,N/A,N/A,0,0,N/A,N/A,1169138607.39,N/A,1278893045.3,219350583,0,239942410,-3.6585,3.248,0.6153,-21.7889,
002015.SZ,霞客环保,2014-10-24,4.5568,4.5568,4.5568,4.5568,4.5568,N/A,N/A,0,0,N/A,N/A,1169138607.39,N/A,1278893045.3,219350583,0,239942410,-3.6585,3.248,0.6153,-21.7889,
002015.SZ,霞客环保,2014-10-27,4.5568,4.5568,4.5568,4.5568,4.5568,N/A,N/A,0,0,N/A,N/A,1169138607.39,N/A,1278893045.3,219350583,0,239942410,-3.6585,3.248,0.6153,-21.7889,
002015.SZ,霞客环保,2014-10-28,4.5568,4.5568,4.5568,4.5568,4.5568,N/A,N/A,0,0,N/A,N/A,1169138607.39,N/A,1278893045.3,219350583,0,239942410,-3.6585,3.248,0.6153,-21.7889,
002015.SZ,霞客环保,2014-10-29,4.5568,4.5568,4.5568,4.5568,4.5568,N/A,N/A,0,0,N/A,N/A,1169138607.39,N/A,1278893045.3,219350583,0,239942410,-3.6585,3.248,0.6153,-21.7889,
002015.SZ,霞客环保,2014-10-30,4.5568,4.5568,4.5568,4.5568,4.5568,N/A,N/A,0,0,N/A,N/A,1169138607.39,N/A,1278893045.3,219350583,0,239942410,-3.6585,3.248,0.6153,-21.7889,
002015.SZ,霞客环保,2014-10-31,4.5568,4.5568,4.5568,4.5568,4.5568,N/A,N/A,0,0,N/A,N/A,1169138607.39,N/A,1278893045.3,219350583,0,239942410,-3.6585,3.248,0.6153,-21.7889,
002015.SZ,霞客环保,2014-11-03,4.5568,4.5568,4.5568,4.5568,4.5568,N/A,N/A,0,0,N/A,N/A,1169138607.39,N/A,1278893045.3,219350583,0,239942410,-3.6585,3.248,0.6153,-21.7889,
002015.SZ,霞客环保,2014-11-04,4.5568,4.5568,4.5568,4.5568,4.5568,N/A,N/A,0,0,N/A,N/A,1169138607.39,N/A,1278893045.3,219350583,0,239942410,-3.6585,3.248,0.6153,-21.7889,
002015.SZ,霞客环保,2014-11-05,4.5568,4.5568,4.5568,4.5568,4.5568,N/A,N/A,0,0,N/A,N/A,1169138607.39,N/A,1278893045.3,219350583,0,239942410,-3.6585,3.248,0.6153,-21.7889,
002015.SZ,霞客环保,2014-11-06,4.5568,4.5568,4.5568,4.5568,4.5568,N/A,N/A,0,0,N/A,N/A,1169138607.39,N/A,1278893045.3,219350583,0,239942410,-3.6585,3.248,0.6153,-21.7889,
002015.SZ,霞客环保,2014-11-07,4.5568,4.5568,4.5568,4.5568,4.5568,N/A,N/A,0,0,N/A,N/A,1169138607.39,N/A,1278893045.3,219350583,0,239942410,-3.6585,3.248,0.6153,-21.7889,
002015.SZ,霞客环保,2014-11-10,4.5568,4.5568,4.5568,4.5568,4.5568,N/A,N/A,0,0,N/A,N/A,1169138607.39,N/A,1278893045.3,219350583,0,239942410,-3.6585,3.248,0.6153,-21.7889,
002015.SZ,霞客环保,2014-11-11,4.5568,4.5568,4.5568,4.5568,4.5568,N/A,N/A,0,0,N/A,N/A,1169138607.39,N/A,1278893045.3,219350583,0,239942410,-3.6585,3.248,0.6153,-21.7889,
002015.SZ,霞客环保,2014-11-12,4.5568,4.5568,4.5568,4.5568,4.5568,N/A,N/A,0,0,N/A,N/A,1169138607.39,N/A,1278893045.3,219350583,0,239942410,-3.6585,3.248,0.6153,-21.7889,
002015.SZ,霞客环保,2014-11-13,4.5568,4.5568,4.5568,4.5568,4.5568,N/A,N/A,0,0,N/A,N/A,1169138607.39,N/A,1278893045.3,219350583,0,239942410,-3.6585,3.248,0.6153,-21.7889,
002015.SZ,霞客环保,2014-11-14,4.5568,4.7876,4.7876,4.7876,4.7876,1773218,9930020.8,0.2308,5.0657,5.6,0.8084,1228363264.8,N/A,1343677496,219350583,0,239942410,-3.8438,3.4126,0.6464,-22.8927,
002015.SZ,霞客环保,2014-11-17,4.7876,5.027,5.027,5.027,5.027,268332,1577792.2,0.2394,5,5.88,0.1223,1289781428.04,N/A,1410861370.8,219350583,0,239942410,-4.036,3.5832,0.6788,-24.0373,
002015.SZ,霞客环保,2014-11-18,5.027,5.2749,5.2749,5.2749,5.2749,913675,5637374.8,0.2479,4.932,6.17,0.4165,1353393097.11,N/A,1480444669.7,219350583,0,239942410,-4.2351,3.7599,0.7122,-25.2228,
002015.SZ,霞客环保,2014-11-19,5.2749,5.54,5.54,5.2835,5.54,41319307,267427219,0.265,5.0243,6.4722,18.8371,1421391777.84,N/A,1554826816.8,219350583,0,239942410,-4.4478,3.9488,0.748,-26.4901,
002015.SZ,霞客环保,2014-11-20,5.54,5.6255,5.7794,5.463,5.7281,31963690,211249141.1,0.1881,3.3951,6.609,14.572,1469648906.1,N/A,1607614147,219350583,0,239942410,-4.5988,4.0829,0.7734,-27.3895,
002015.SZ,霞客环保,2014-11-21,5.7281,5.7281,5.7281,5.7281,5.7281,N/A,N/A,0,0,N/A,N/A,1469648906.1,N/A,1607614147,219350583,0,239942410,-4.5988,4.0829,0.7734,-27.3895,
002015.SZ,霞客环保,2014-11-24,5.7281,5.7281,5.7281,5.7281,5.7281,N/A,N/A,0,0,N/A,N/A,1469648906.1,N/A,1607614147,219350583,0,239942410,-4.5988,4.0829,0.7734,-27.3895,
002015.SZ,霞客环保,2014-11-25,5.7281,5.7879,6.0187,5.6426,6.0187,19304436,134418279.9,0.2907,5.0746,6.9631,8.8007,1544228104.32,N/A,1689194566.4,219350583,0,239942410,-4.8322,4.2901,0.8127,-28.7794,
002015.SZ,霞客环保,2014-11-26,6.0187,6.1555,6.318,6.0358,6.318,17870795,129500851.5,0.2992,4.9716,7.2465,8.1471,1621000808.37,N/A,1773174409.9,219350583,0,239942410,-5.0725,4.5034,0.8531,-30.2102,
002015.SZ,霞客环保,2014-11-27,6.318,6.4804,6.6343,6.4377,6.6343,8191670,63121576.9,0.3163,5.0068,7.7056,3.7345,1702160524.08,N/A,1861953101.6,219350583,0,239942410,-5.3264,4.7289,0.8958,-31.7227,
002015.SZ,霞客环保,2014-11-28,6.6343,6.925,6.9677,6.489,6.6086,26755679,214126046,-0.0256,-0.3866,8.003,12.1977,1695580006.59,N/A,1854754829.3,219350583,0,239942410,-5.3058,4.7106,0.8923,-31.6001,
002015.SZ,霞客环保,2014-12-01,6.6086,6.6514,6.9421,6.6514,6.9421,17297275,138565234.8,0.3334,5.0453,8.0108,7.8857,1781126733.96,N/A,1948332369.2,219350583,0,239942410,-5.5735,4.9482,0.9374,-33.1944,
002015.SZ,霞客环保,2014-12-02,6.9421,7.0361,7.2926,7.0105,7.0874,21171029,176922675.3,0.1453,2.0936,8.3568,9.6517,1818416333.07,N/A,1989122578.9,219350583,0,239942410,-5.6902,5.0518,0.957,-33.8893,
002015.SZ,霞客环保,2014-12-03,7.0874,7.0105,7.1045,6.7369,6.9848,14071430,113306919.8,-0.1026,-1.4475,8.0523,6.415,1792094263.11,N/A,1960329489.7,219350583,0,239942410,-5.6078,4.9787,0.9431,-33.3988,
002015.SZ,霞客环保,2014-12-04,6.9848,6.9763,7.0276,6.7112,6.7454,15007366,119961685.8,-0.2394,-3.4272,7.9935,6.8417,1730676099.87,N/A,1893145614.9,219350583,0,239942410,-5.4157,4.8081,0.9108,-32.2542,
002015.SZ,霞客环保,2014-12-05,6.7454,6.6941,6.7198,6.4548,6.5573,11293479,86957539.7,-0.1881,-2.7883,7.6998,5.1486,1682418971.61,N/A,1840358284.7,219350583,0,239942410,-5.2647,4.674,0.8854,-31.3548,
002015.SZ,霞客环保,2014-12-08,6.5573,6.5744,6.8737,6.5744,6.6685,10639612,84256841.9,0.1111,1.6949,7.9192,4.8505,1710934547.4,N/A,1871550798,219350583,0,239942410,-5.3539,4.7532,0.9004,-31.8862,
002015.SZ,霞客环保,2014-12-09,6.6685,6.6257,6.8395,6.3351,6.3351,10123699,77537290.3,-0.3334,-5,7.659,4.6153,1625387820.03,N/A,1777973258.1,219350583,0,239942410,-5.0862,4.5156,0.8554,-30.2919,
002015.SZ,霞客环保,2014-12-10,6.3351,6.1726,6.4548,6.1384,6.4035,7044995,51866808.2,0.0684,1.0796,7.3622,3.2118,1642935866.67,N/A,1797168650.9,219350583,0,239942410,-5.1411,4.5643,0.8646,-30.619,
002015.SZ,霞客环保,2014-12-11,6.4035,6.4548,6.7198,6.4035,6.7198,11574276,89987267.1,0.3163,4.9399,7.7748,5.2766,1724095582.38,N/A,1885947342.6,219350583,0,239942410,-5.3951,4.7898,0.9073,-32.1315,
002015.SZ,霞客环保,2014-12-12,6.7198,6.7198,6.8993,6.6257,6.8224,7252480,57756554.3,0.1026,1.5267,7.9637,3.3063,1750417652.34,N/A,1914740431.8,219350583,0,239942410,-5.4774,4.8629,0.9212,-32.6221,
002015.SZ,霞客环保,2014-12-15,6.8224,6.848,7.096,6.7625,7.0447,10301111,84198241.8,0.2223,3.2581,8.1737,4.6962,1807448803.92,N/A,1977125458.4,219350583,0,239942410,-5.6559,5.0214,0.9512,-33.685,
002015.SZ,霞客环保,2014-12-16,7.0447,7.0447,7.1387,6.754,7.0276,11209541,91433594.9,-0.0171,-0.2427,8.1568,5.1103,1803061792.26,N/A,1972326610.2,219350583,0,239942410,-5.6422,5.0092,0.9489,-33.6032,
002015.SZ,霞客环保,2014-12-17,7.0276,6.8908,7.0105,6.7967,6.8737,9609053,77294707.7,-0.1539,-2.1898,8.0439,4.3807,1763578687.32,N/A,1929136976.4,219350583,0,239942410,-5.5186,4.8995,0.9281,-32.8674,
002015.SZ,霞客环保,2014-12-18,6.8737,6.8224,6.8993,6.7112,6.7882,9425689,75189419.7,-0.0855,-1.2438,7.9771,4.2971,1741643629.02,N/A,1905142735.4,219350583,0,239942410,-5.45,4.8386,0.9166,-32.4586,
002015.SZ,霞客环保,2014-12-19,6.7882,6.754,7.0105,6.6599,6.848,15153291,121588945.3,0.0598,0.8816,8.0239,6.9083,1756998169.83,N/A,1921938704.1,219350583,0,239942410,-5.498,4.8812,0.9247,-32.7447,
002015.SZ,霞客环保,2014-12-22,6.848,6.8737,7.19,6.8737,7.19,29094181,241937728.8,0.342,4.9938,8.3157,13.2638,1844738403.03,N/A,2017915668.1,219350583,0,239942410,-5.7726,5.125,0.9708,-34.3799,
002015.SZ,霞客环保,2014-12-23,7.19,7.19,7.19,7.19,7.19,N/A,N/A,0,0,N/A,N/A,1844738403.03,N/A,2017915668.1,219350583,0,239942410,-5.7726,5.125,0.9708,-34.3799,
002015.SZ,霞客环保,2014-12-24,7.19,7.19,7.19,7.19,7.19,N/A,N/A,0,0,N/A,N/A,1844738403.03,N/A,2017915668.1,219350583,0,239942410,-5.7726,5.125,0.9708,-34.3799,
002015.SZ,霞客环保,2014-12-25,7.19,7.19,7.19,7.19,7.19,N/A,N/A,0,0,N/A,N/A,1844738403.03,N/A,2017915668.1,219350583,0,239942410,-5.7726,5.125,0.9708,-34.3799,
002015.SZ,霞客环保,2014-12-26,7.19,7.19,7.19,7.19,7.19,N/A,N/A,0,0,N/A,N/A,1844738403.03,N/A,2017915668.1,219350583,0,239942410,-5.7726,5.125,0.9708,-34.3799,
002015.SZ,霞客环保,2014-12-29,7.19,7.19,7.19,7.19,7.19,N/A,N/A,0,0,N/A,N/A,1844738403.03,N/A,2017915668.1,219350583,0,239942410,-5.7726,5.125,0.9708,-34.3799,
002015.SZ,霞客环保,2014-12-30,7.19,7.19,7.19,7.19,7.19,N/A,N/A,0,0,N/A,N/A,1844738403.03,N/A,2017915668.1,219350583,0,239942410,-5.7726,5.125,0.9708,-34.3799,
002015.SZ,霞客环保,2014-12-31,7.19,7.19,7.19,7.19,7.19,N/A,N/A,0,0,N/A,N/A,1863647926.4,N/A,2017915668.1,221599040,0,239942410,-5.7726,5.125,0.9708,-34.3799,
002015.SZ,霞客环保,2015-01-05,7.19,7.19,7.19,7.19,7.19,N/A,N/A,0,0,N/A,N/A,1863647926.4,N/A,2017915668.1,221599040,0,239942410,-1.9462,-3.0712,1.7463,-60.4119,
002015.SZ,霞客环保,2015-01-06,7.19,7.19,7.19,7.19,7.19,N/A,N/A,0,0,N/A,N/A,1863647926.4,N/A,2017915668.1,221599040,0,239942410,-1.9462,-3.0712,1.7463,-60.4119,
002015.SZ,霞客环保,2015-01-07,7.19,7.19,7.19,7.19,7.19,N/A,N/A,0,0,N/A,N/A,1863647926.4,N/A,2017915668.1,221599040,0,239942410,-1.9462,-3.0712,1.7463,-60.4119,
002015.SZ,霞客环保,2015-01-08,7.19,7.19,7.19,7.19,7.19,N/A,N/A,0,0,N/A,N/A,1863647926.4,N/A,2017915668.1,221599040,0,239942410,-1.9462,-3.0712,1.7463,-60.4119,
002015.SZ,霞客环保,2015-01-09,7.19,7.19,7.19,7.19,7.19,N/A,N/A,0,0,N/A,N/A,1863647926.4,N/A,2017915668.1,221599040,0,239942410,-1.9462,-3.0712,1.7463,-60.4119,
002015.SZ,霞客环保,2015-01-12,7.19,7.19,7.19,7.19,7.19,N/A,N/A,0,0,N/A,N/A,1863647926.4,N/A,2017915668.1,221599040,0,239942410,-1.9462,-3.0712,1.7463,-60.4119,
002015.SZ,霞客环保,2015-01-13,7.19,7.19,7.19,7.19,7.19,N/A,N/A,0,0,N/A,N/A,1863647926.4,N/A,2017915668.1,221599040,0,239942410,-1.9462,-3.0712,1.7463,-60.4119,
002015.SZ,霞客环保,2015-01-14,7.19,7.19,7.19,7.19,7.19,N/A,N/A,0,0,N/A,N/A,1863647926.4,N/A,2017915668.1,221599040,0,239942410,-1.9462,-3.0712,1.7463,-60.4119,
002015.SZ,霞客环保,2015-01-15,7.19,7.19,7.19,7.19,7.19,N/A,N/A,0,0,N/A,N/A,1863647926.4,N/A,2017915668.1,221599040,0,239942410,-1.9462,-3.0712,1.7463,-60.4119,
002015.SZ,霞客环保,2015-01-16,7.19,7.19,7.19,7.19,7.19,N/A,N/A,0,0,N/A,N/A,1863647926.4,N/A,2017915668.1,221599040,0,239942410,-1.9462,-3.0712,1.7463,-60.4119,
002015.SZ,霞客环保,2015-01-19,7.19,7.19,7.19,7.19,7.19,N/A,N/A,0,0,N/A,N/A,1863647926.4,N/A,2017915668.1,221599040,0,239942410,-1.9462,-3.0712,1.7463,-60.4119,
002015.SZ,霞客环保,2015-01-20,7.19,7.19,7.19,7.19,7.19,N/A,N/A,0,0,N/A,N/A,1863647926.4,N/A,2017915668.1,221599040,0,239942410,-1.9462,-3.0712,1.7463,-60.4119,
002015.SZ,霞客环保,2015-01-21,7.19,7.19,7.19,7.19,7.19,N/A,N/A,0,0,N/A,N/A,1863647926.4,N/A,2017915668.1,221599040,0,239942410,-1.9462,-3.0712,1.7463,-60.4119,
002015.SZ,霞客环保,2015-01-22,7.19,7.19,7.19,7.19,7.19,N/A,N/A,0,0,N/A,N/A,1863647926.4,N/A,2017915668.1,221599040,0,239942410,-1.9462,-3.0712,1.7463,-60.4119,
002015.SZ,霞客环保,2015-01-23,7.19,7.19,7.19,7.19,7.19,N/A,N/A,0,0,N/A,N/A,1863647926.4,N/A,2017915668.1,221599040,0,239942410,-1.9462,-3.0712,1.7463,-60.4119,
002015.SZ,霞客环保,2015-01-26,7.19,7.19,7.19,7.19,7.19,N/A,N/A,0,0,N/A,N/A,1863647926.4,N/A,2017915668.1,221599040,0,239942410,-1.9462,-3.0712,1.7463,-60.4119,
002015.SZ,霞客环保,2015-01-27,7.19,7.19,7.19,7.19,7.19,N/A,N/A,0,0,N/A,N/A,1863647926.4,N/A,2017915668.1,221599040,0,239942410,-1.9462,-3.0712,1.7463,-60.4119,
002015.SZ,霞客环保,2015-01-28,7.19,7.19,7.19,7.19,7.19,N/A,N/A,0,0,N/A,N/A,1863647926.4,N/A,2017915668.1,221599040,0,239942410,-1.9462,-3.0712,1.7463,-60.4119,
002015.SZ,霞客环保,2015-01-29,7.19,7.19,7.19,7.19,7.19,N/A,N/A,0,0,N/A,N/A,1863647926.4,N/A,2017915668.1,221599040,0,239942410,-1.9462,-3.0712,1.7463,-60.4119,
002015.SZ,霞客环保,2015-01-30,7.19,7.19,7.19,7.19,7.19,N/A,N/A,0,0,N/A,N/A,1863647926.4,N/A,2017915668.1,221599040,0,239942410,-1.9462,-3.0712,1.7463,-60.4119,
002015.SZ,霞客环保,2015-02-02,7.19,7.19,7.19,7.19,7.19,N/A,N/A,0,0,N/A,N/A,1863647926.4,N/A,2017915668.1,221599040,0,239942410,-1.9462,-3.0712,1.7463,-60.4119,
002015.SZ,霞客环保,2015-02-03,7.19,7.19,7.19,7.19,7.19,N/A,N/A,0,0,N/A,N/A,1863647926.4,N/A,2017915668.1,221599040,0,239942410,-1.9462,-3.0712,1.7463,-60.4119,
002015.SZ,霞客环保,2015-02-04,7.19,7.19,7.19,7.19,7.19,N/A,N/A,0,0,N/A,N/A,1863647926.4,N/A,2017915668.1,221599040,0,239942410,-1.9462,-3.0712,1.7463,-60.4119,
002015.SZ,霞客环保,2015-02-05,7.19,7.19,7.19,7.19,7.19,N/A,N/A,0,0,N/A,N/A,1863647926.4,N/A,2017915668.1,221599040,0,239942410,-1.9462,-3.0712,1.7463,-60.4119,
002015.SZ,霞客环保,2015-02-06,7.19,7.19,7.19,7.19,7.19,N/A,N/A,0,0,N/A,N/A,1863647926.4,N/A,2017915668.1,221599040,0,239942410,-1.9462,-3.0712,1.7463,-60.4119,
002015.SZ,霞客环保,2015-02-09,7.19,7.19,7.19,7.19,7.19,N/A,N/A,0,0,N/A,N/A,1863647926.4,N/A,2017915668.1,221599040,0,239942410,-1.9462,-3.0712,1.7463,-60.4119,
002015.SZ,霞客环保,2015-02-10,7.19,7.19,7.19,7.19,7.19,N/A,N/A,0,0,N/A,N/A,1863647926.4,N/A,2017915668.1,221599040,0,239942410,-1.9462,-3.0712,1.7463,-60.4119,
002015.SZ,霞客环保,2015-02-11,7.19,7.19,7.19,7.19,7.19,N/A,N/A,0,0,N/A,N/A,1863647926.4,N/A,2017915668.1,221599040,0,239942410,-1.9462,-3.0712,1.7463,-60.4119,
002015.SZ,霞客环保,2015-02-12,7.19,7.19,7.19,7.19,7.19,N/A,N/A,0,0,N/A,N/A,1863647926.4,N/A,2017915668.1,221599040,0,239942410,-1.9462,-3.0712,1.7463,-60.4119,
002015.SZ,霞客环保,2015-02-13,7.19,7.19,7.19,7.19,7.19,N/A,N/A,0,0,N/A,N/A,1863647926.4,N/A,2017915668.1,221599040,0,239942410,-1.9462,-3.0712,1.7463,-60.4119,
002015.SZ,霞客环保,2015-02-16,7.19,7.19,7.19,7.19,7.19,N/A,N/A,0,0,N/A,N/A,1863647926.4,N/A,2017915668.1,221599040,0,239942410,-1.9462,-3.0712,1.7463,-60.4119,
002015.SZ,霞客环保,2015-02-17,7.19,7.19,7.19,7.19,7.19,N/A,N/A,0,0,N/A,N/A,1863647926.4,N/A,2017915668.1,221599040,0,239942410,-1.9462,-3.0712,1.7463,-60.4119,
002015.SZ,霞客环保,2015-02-25,7.19,7.19,7.19,7.19,7.19,N/A,N/A,0,0,N/A,N/A,1863647926.4,N/A,2017915668.1,221599040,0,239942410,-1.9462,-3.0712,1.7463,-60.4119,
002015.SZ,霞客环保,2015-02-26,7.19,7.19,7.19,7.19,7.19,N/A,N/A,0,0,N/A,N/A,1863647926.4,N/A,2017915668.1,221599040,0,239942410,-1.9462,-3.0712,1.7463,-60.4119,
002015.SZ,霞客环保,2015-02-27,7.19,7.19,7.19,7.19,7.19,N/A,N/A,0,0,N/A,N/A,1863647926.4,N/A,2017915668.1,221599040,0,239942410,-1.9462,-3.0712,1.7463,-60.4119,
002015.SZ,霞客环保,2015-03-02,7.19,7.19,7.19,7.19,7.19,N/A,N/A,0,0,N/A,N/A,1863647926.4,N/A,2017915668.1,221599040,0,239942410,-1.9462,-3.0712,1.7463,-60.4119,
002015.SZ,霞客环保,2015-03-03,7.19,7.19,7.19,7.19,7.19,N/A,N/A,0,0,N/A,N/A,1863647926.4,N/A,2017915668.1,221599040,0,239942410,-1.9462,-3.0712,1.7463,-60.4119,
002015.SZ,霞客环保,2015-03-04,7.19,7.19,7.19,7.19,7.19,N/A,N/A,0,0,N/A,N/A,1863647926.4,N/A,2017915668.1,221599040,0,239942410,-1.9462,-3.0712,1.7463,-60.4119,
002015.SZ,霞客环保,2015-03-05,7.19,7.19,7.19,7.19,7.19,N/A,N/A,0,0,N/A,N/A,1863647926.4,N/A,2017915668.1,221599040,0,239942410,-1.9462,-3.0712,1.7463,-60.4119,
002015.SZ,霞客环保,2015-03-06,7.19,7.19,7.19,7.19,7.19,N/A,N/A,0,0,N/A,N/A,1863647926.4,N/A,2017915668.1,221599040,0,239942410,-1.9462,-3.0712,1.7463,-60.4119,
002015.SZ,霞客环保,2015-03-09,7.19,7.19,7.19,7.19,7.19,N/A,N/A,0,0,N/A,N/A,1863647926.4,N/A,2017915668.1,221599040,0,239942410,-1.9462,-3.0712,1.7463,-60.4119,
002015.SZ,霞客环保,2015-03-10,7.19,7.19,7.19,7.19,7.19,N/A,N/A,0,0,N/A,N/A,1863647926.4,N/A,2017915668.1,221599040,0,239942410,-1.9462,-3.0712,1.7463,-60.4119,
002015.SZ,霞客环保,2015-03-11,7.19,7.19,7.19,7.19,7.19,N/A,N/A,0,0,N/A,N/A,1863647926.4,N/A,2017915668.1,221599040,0,239942410,-1.9462,-3.0712,1.7463,-60.4119,
002015.SZ,霞客环保,2015-03-12,7.19,7.19,7.19,7.19,7.19,N/A,N/A,0,0,N/A,N/A,1863647926.4,N/A,2017915668.1,221599040,0,239942410,-1.9462,-3.0712,1.7463,-60.4119,
002015.SZ,霞客环保,2015-03-13,7.19,7.19,7.19,7.19,7.19,N/A,N/A,0,0,N/A,N/A,1863647926.4,N/A,2017915668.1,221599040,0,239942410,-1.9462,-3.0712,1.7463,-60.4119,
002015.SZ,霞客环保,2015-03-16,7.19,7.19,7.19,7.19,7.19,N/A,N/A,0,0,N/A,N/A,1863647926.4,N/A,2017915668.1,221599040,0,239942410,-1.9462,-3.0712,1.7463,-60.4119,
002015.SZ,霞客环保,2015-03-17,7.19,7.19,7.19,7.19,7.19,N/A,N/A,0,0,N/A,N/A,1863647926.4,N/A,2017915668.1,221599040,0,239942410,-1.9462,-3.0712,1.7463,-60.4119,
002015.SZ,霞客环保,2015-03-18,7.19,7.19,7.19,7.19,7.19,N/A,N/A,0,0,N/A,N/A,1863647926.4,N/A,2017915668.1,221599040,0,239942410,-1.9462,-3.0712,1.7463,-60.4119,
002015.SZ,霞客环保,2015-03-19,7.19,7.19,7.19,7.19,7.19,N/A,N/A,0,0,N/A,N/A,1863647926.4,N/A,2017915668.1,221599040,0,239942410,-1.9462,-3.0712,1.7463,-60.4119,
002015.SZ,霞客环保,2015-03-20,7.19,7.19,7.19,7.19,7.19,N/A,N/A,0,0,N/A,N/A,1863647926.4,N/A,2017915668.1,221599040,0,239942410,-1.9462,-3.0712,1.7463,-60.4119,
002015.SZ,霞客环保,2015-03-23,7.19,7.19,7.19,7.19,7.19,N/A,N/A,0,0,N/A,N/A,1863647926.4,N/A,2017915668.1,221599040,0,239942410,-1.9462,-3.0712,1.7463,-60.4119,
002015.SZ,霞客环保,2015-03-24,7.19,7.19,7.19,7.19,7.19,N/A,N/A,0,0,N/A,N/A,1863647926.4,N/A,2017915668.1,221599040,0,239942410,-1.9462,-3.0712,1.7463,-60.4119,
002015.SZ,霞客环保,2015-03-25,7.19,7.19,7.19,7.19,7.19,N/A,N/A,0,0,N/A,N/A,1863647926.4,N/A,2017915668.1,221599040,0,239942410,-1.9462,-3.0712,1.7463,-60.4119,
002015.SZ,霞客环保,2015-03-26,7.19,7.19,7.19,7.19,7.19,N/A,N/A,0,0,N/A,N/A,1863647926.4,N/A,2017915668.1,221599040,0,239942410,-1.9462,-3.0712,1.7463,-60.4119,
002015.SZ,霞客环保,2015-03-27,7.19,7.19,7.19,7.19,7.19,N/A,N/A,0,0,N/A,N/A,1863647926.4,N/A,2017915668.1,221599040,0,239942410,-1.9462,-3.0712,1.7463,-60.4119,
002015.SZ,霞客环保,2015-03-30,7.19,7.19,7.19,7.19,7.19,N/A,N/A,0,0,N/A,N/A,1863647926.4,N/A,2017915668.1,221599040,0,239942410,-1.9462,-3.0712,1.7463,-60.4119,
002015.SZ,霞客环保,2015-03-31,7.19,7.19,7.19,7.19,7.19,N/A,N/A,0,0,N/A,N/A,1863647926.4,N/A,2017915668.1,221599040,0,239942410,-1.9462,-3.0712,1.7463,-60.4119,
002015.SZ,霞客环保,2015-04-01,7.19,7.19,7.19,7.19,7.19,N/A,N/A,0,0,N/A,N/A,1863647926.4,N/A,2017915668.1,221599040,0,239942410,-1.9462,-3.0712,1.7463,-60.4119,
002015.SZ,霞客环保,2015-04-02,7.19,7.19,7.19,7.19,7.19,N/A,N/A,0,0,N/A,N/A,1863647926.4,N/A,2017915668.1,221599040,0,239942410,-1.9462,-3.0712,1.7463,-60.4119,
002015.SZ,霞客环保,2015-04-03,7.19,7.19,7.19,7.19,7.19,N/A,N/A,0,0,N/A,N/A,1863647926.4,N/A,2017915668.1,221599040,0,239942410,-1.9462,-3.0712,1.7463,-60.4119,
002015.SZ,霞客环保,2015-04-07,7.19,7.19,7.19,7.19,7.19,N/A,N/A,0,0,N/A,N/A,1863647926.4,N/A,2017915668.1,221599040,0,239942410,-1.9462,-3.0712,1.7463,-60.4119,
002015.SZ,霞客环保,2015-04-08,7.19,7.19,7.19,7.19,7.19,N/A,N/A,0,0,N/A,N/A,1863647926.4,N/A,2017915668.1,221599040,0,239942410,-1.9462,-3.0712,1.7463,-60.4119,
002015.SZ,霞客环保,2015-04-09,7.19,7.19,7.19,7.19,7.19,N/A,N/A,0,0,N/A,N/A,1863647926.4,N/A,2017915668.1,221599040,0,239942410,-1.9462,-3.0712,1.7463,-60.4119,
002015.SZ,霞客环保,2015-04-10,7.19,7.19,7.19,7.19,7.19,N/A,N/A,0,0,N/A,N/A,1863647926.4,N/A,2017915668.1,221599040,0,239942410,-1.9462,-3.0712,1.7463,-60.4119,
002015.SZ,霞客环保,2015-04-13,7.19,7.19,7.19,7.19,7.19,N/A,N/A,0,0,N/A,N/A,1863647926.4,N/A,2017915668.1,221599040,0,239942410,-1.9462,-3.0712,1.7463,-60.4119,
002015.SZ,霞客环保,2015-04-14,7.19,7.19,7.19,7.19,7.19,N/A,N/A,0,0,N/A,N/A,1863647926.4,N/A,2017915668.1,221599040,0,239942410,-1.9462,-3.0712,1.7463,-60.4119,
002015.SZ,霞客环保,2015-04-15,7.19,7.19,7.19,7.19,7.19,N/A,N/A,0,0,N/A,N/A,1863647926.4,N/A,2017915668.1,221599040,0,239942410,-1.9462,-3.0712,1.7463,-60.4119,
002015.SZ,霞客环保,2015-04-16,7.19,7.19,7.19,7.19,7.19,N/A,N/A,0,0,N/A,N/A,1863647926.4,N/A,2017915668.1,221599040,0,239942410,-1.9462,-3.0712,1.7463,-60.4119,
002015.SZ,霞客环保,2015-04-17,7.19,7.19,7.19,7.19,7.19,N/A,N/A,0,0,N/A,N/A,1863647926.4,N/A,2017915668.1,221599040,0,239942410,-1.9462,-3.0712,1.7463,-60.4119,
002015.SZ,霞客环保,2015-04-20,7.19,7.19,7.19,7.19,7.19,N/A,N/A,0,0,N/A,N/A,1863647926.4,N/A,2017915668.1,221599040,0,239942410,-1.9462,-3.0712,1.7463,-60.4119,
002015.SZ,霞客环保,2015-04-21,7.19,7.19,7.19,7.19,7.19,N/A,N/A,0,0,N/A,N/A,1863647926.4,N/A,2017915668.1,221599040,0,239942410,-1.9462,-3.0712,1.7463,-60.4119,
002015.SZ,霞客环保,2015-04-22,7.19,7.19,7.19,7.19,7.19,N/A,N/A,0,0,N/A,N/A,1863647926.4,N/A,2017915668.1,221599040,0,239942410,-1.9462,-3.0712,1.7463,-60.4119,
002015.SZ,霞客环保,2015-04-23,7.19,7.19,7.19,7.19,7.19,N/A,N/A,0,0,N/A,N/A,1863647926.4,N/A,2017915668.1,221599040,0,239942410,-1.9462,-3.0712,1.7463,-60.4119,
002015.SZ,霞客环保,2015-04-24,7.19,7.19,7.19,7.19,7.19,N/A,N/A,0,0,N/A,N/A,1863647926.4,N/A,2017915668.1,221599040,0,239942410,-1.9462,-3.0712,1.7463,-60.4119,
002015.SZ,霞客环保,2015-04-27,7.19,7.19,7.19,7.19,7.19,N/A,N/A,0,0,N/A,N/A,1863647926.4,N/A,2017915668.1,221599040,0,239942410,-1.9462,-3.0712,1.7463,-60.4119,
002015.SZ,霞客环保,2015-04-28,7.19,7.19,7.19,7.19,7.19,N/A,N/A,0,0,N/A,N/A,1863647926.4,N/A,2017915668.1,221599040,0,239942410,-1.9462,-3.0712,1.7463,-60.4119,
002015.SZ,霞客环保,2015-04-29,7.19,7.19,7.19,7.19,7.19,N/A,N/A,0,0,N/A,N/A,1863647926.4,N/A,2017915668.1,221599040,0,239942410,-1.9462,-3.0712,1.7463,-60.4119,
002015.SZ,霞客环保,2015-04-30,7.19,7.19,7.19,7.19,7.19,N/A,N/A,0,0,N/A,N/A,1863647926.4,N/A,2017915668.1,221599040,0,239942410,-1.9462,-3.0712,1.7463,-60.4119,
002015.SZ,霞客环保,2015-05-04,7.19,7.19,7.19,7.19,7.19,N/A,N/A,0,0,N/A,N/A,1863647926.4,N/A,2017915668.1,221599040,0,239942410,-1.9462,-3.0712,1.7463,-60.4119,
002015.SZ,霞客环保,2015-05-05,7.19,7.19,7.19,7.19,7.19,N/A,N/A,0,0,N/A,N/A,1863647926.4,N/A,2017915668.1,221599040,0,239942410,-1.9462,-3.0712,1.7463,-60.4119,
002015.SZ,霞客环保,2015-05-06,7.19,7.19,7.19,7.19,7.19,N/A,N/A,0,0,N/A,N/A,1863647926.4,N/A,2017915668.1,221599040,0,239942410,-1.9462,-3.0712,1.7463,-60.4119,
002015.SZ,霞客环保,2015-05-07,7.19,7.19,7.19,7.19,7.19,N/A,N/A,0,0,N/A,N/A,1863647926.4,N/A,2017915668.1,221599040,0,239942410,-1.9462,-3.0712,1.7463,-60.4119,
002015.SZ,霞客环保,2015-05-08,7.19,7.19,7.19,7.19,7.19,N/A,N/A,0,0,N/A,N/A,1863647926.4,N/A,2017915668.1,221599040,0,239942410,-1.9462,-3.0712,1.7463,-60.4119,
002015.SZ,霞客环保,2015-05-11,7.19,7.19,7.19,7.19,7.19,N/A,N/A,0,0,N/A,N/A,1863647926.4,N/A,2017915668.1,221599040,0,239942410,-1.9462,-3.0712,1.7463,-60.4119,
002015.SZ,霞客环保,2015-05-12,7.19,7.19,7.19,7.19,7.19,N/A,N/A,0,0,N/A,N/A,1863647926.4,N/A,2017915668.1,221599040,0,239942410,-1.9462,-3.0712,1.7463,-60.4119,
002015.SZ,霞客环保,2015-05-13,7.19,7.19,7.19,7.19,7.19,N/A,N/A,0,0,N/A,N/A,1863647926.4,N/A,2017915668.1,221599040,0,239942410,-1.9462,-3.0712,1.7463,-60.4119,
002015.SZ,霞客环保,2015-05-14,7.19,7.19,7.19,7.19,7.19,N/A,N/A,0,0,N/A,N/A,1863647926.4,N/A,2017915668.1,221599040,0,239942410,-1.9462,-3.0712,1.7463,-60.4119,
002015.SZ,霞客环保,2015-05-15,7.19,7.19,7.19,7.19,7.19,N/A,N/A,0,0,N/A,N/A,1863647926.4,N/A,2017915668.1,221599040,0,239942410,-1.9462,-3.0712,1.7463,-60.4119,
002015.SZ,霞客环保,2015-05-18,7.19,7.19,7.19,7.19,7.19,N/A,N/A,0,0,N/A,N/A,1863647926.4,N/A,2017915668.1,221599040,0,239942410,-1.9462,-3.0712,1.7463,-60.4119,
002015.SZ,霞客环保,2015-05-19,7.19,7.19,7.19,7.19,7.19,N/A,N/A,0,0,N/A,N/A,1863647926.4,N/A,2017915668.1,221599040,0,239942410,-1.9462,-3.0712,1.7463,-60.4119,
002015.SZ,霞客环保,2015-05-20,7.19,7.19,7.19,7.19,7.19,N/A,N/A,0,0,N/A,N/A,1863647926.4,N/A,2017915668.1,221599040,0,239942410,-1.9462,-3.0712,1.7463,-60.4119,
002015.SZ,霞客环保,2015-05-21,7.19,7.19,7.19,7.19,7.19,N/A,N/A,0,0,N/A,N/A,1863647926.4,N/A,2017915668.1,221599040,0,239942410,-1.9462,-3.0712,1.7463,-60.4119,
002015.SZ,霞客环保,2015-05-22,7.19,7.19,7.19,7.19,7.19,N/A,N/A,0,0,N/A,N/A,1863647926.4,N/A,2017915668.1,221599040,0,239942410,-1.9462,-3.0712,1.7463,-60.4119,
002015.SZ,霞客环保,2015-05-25,7.19,7.19,7.19,7.19,7.19,N/A,N/A,0,0,N/A,N/A,1863647926.4,N/A,2017915668.1,221599040,0,239942410,-1.9462,-3.0712,1.7463,-60.4119,
002015.SZ,霞客环保,2015-05-26,7.19,7.19,7.19,7.19,7.19,N/A,N/A,0,0,N/A,N/A,1863647926.4,N/A,2017915668.1,221599040,0,239942410,-1.9462,-3.0712,1.7463,-60.4119,
002015.SZ,霞客环保,2015-05-27,7.19,7.19,7.19,7.19,7.19,N/A,N/A,0,0,N/A,N/A,1863647926.4,N/A,2017915668.1,221599040,0,239942410,-1.9462,-3.0712,1.7463,-60.4119,
002015.SZ,霞客环保,2015-05-28,7.19,7.19,7.19,7.19,7.19,N/A,N/A,0,0,N/A,N/A,1863647926.4,N/A,2017915668.1,221599040,0,239942410,-1.9462,-3.0712,1.7463,-60.4119,
002015.SZ,霞客环保,2015-05-29,7.19,7.19,7.19,7.19,7.19,N/A,N/A,0,0,N/A,N/A,1863647926.4,N/A,2017915668.1,221599040,0,239942410,-1.9462,-3.0712,1.7463,-60.4119,
002015.SZ,霞客环保,2015-06-01,7.19,7.19,7.19,7.19,7.19,N/A,N/A,0,0,N/A,N/A,1863647926.4,N/A,2017915668.1,221599040,0,239942410,-1.9462,-3.0712,1.7463,-60.4119,
002015.SZ,霞客环保,2015-06-02,7.19,7.19,7.19,7.19,7.19,N/A,N/A,0,0,N/A,N/A,1863647926.4,N/A,2017915668.1,221599040,0,239942410,-1.9462,-3.0712,1.7463,-60.4119,
002015.SZ,霞客环保,2015-06-03,7.19,7.19,7.19,7.19,7.19,N/A,N/A,0,0,N/A,N/A,1863647926.4,N/A,2017915668.1,221599040,0,239942410,-1.9462,-3.0712,1.7463,-60.4119,
002015.SZ,霞客环保,2015-06-04,7.19,7.19,7.19,7.19,7.19,N/A,N/A,0,0,N/A,N/A,1863647926.4,N/A,2017915668.1,221599040,0,239942410,-1.9462,-3.0712,1.7463,-60.4119,
002015.SZ,霞客环保,2015-06-05,7.19,7.19,7.19,7.19,7.19,N/A,N/A,0,0,N/A,N/A,1863647926.4,N/A,2017915668.1,221599040,0,239942410,-1.9462,-3.0712,1.7463,-60.4119,
002015.SZ,霞客环保,2015-06-08,7.19,7.19,7.19,7.19,7.19,N/A,N/A,0,0,N/A,N/A,1863647926.4,N/A,2017915668.1,221599040,0,239942410,-1.9462,-3.0712,1.7463,-60.4119,
002015.SZ,霞客环保,2015-06-09,7.19,7.19,7.19,7.19,7.19,N/A,N/A,0,0,N/A,N/A,1863647926.4,N/A,2017915668.1,221599040,0,239942410,-1.9462,-3.0712,1.7463,-60.4119,
002015.SZ,霞客环保,2015-06-10,7.19,7.19,7.19,7.19,7.19,N/A,N/A,0,0,N/A,N/A,1863647926.4,N/A,2017915668.1,221599040,0,239942410,-1.9462,-3.0712,1.7463,-60.4119,
002015.SZ,霞客环保,2015-06-11,7.19,7.19,7.19,7.19,7.19,N/A,N/A,0,0,N/A,N/A,1863647926.4,N/A,2017915668.1,221599040,0,239942410,-1.9462,-3.0712,1.7463,-60.4119,
002015.SZ,霞客环保,2015-06-12,7.19,7.19,7.19,7.19,7.19,N/A,N/A,0,0,N/A,N/A,1863647926.4,N/A,2017915668.1,221599040,0,239942410,-1.9462,-3.0712,1.7463,-60.4119,
002015.SZ,霞客环保,2015-06-15,7.19,7.19,7.19,7.19,7.19,N/A,N/A,0,0,N/A,N/A,1863647926.4,N/A,2017915668.1,221599040,0,239942410,-1.9462,-3.0712,1.7463,-60.4119,
002015.SZ,霞客环保,2015-06-16,7.19,7.19,7.19,7.19,7.19,N/A,N/A,0,0,N/A,N/A,1863647926.4,N/A,2017915668.1,221599040,0,239942410,-1.9462,-3.0712,1.7463,-60.4119,
002015.SZ,霞客环保,2015-06-17,7.19,7.19,7.19,7.19,7.19,N/A,N/A,0,0,N/A,N/A,1863647926.4,N/A,2017915668.1,221599040,0,239942410,-1.9462,-3.0712,1.7463,-60.4119,
002015.SZ,霞客环保,2015-06-18,7.19,7.19,7.19,7.19,7.19,N/A,N/A,0,0,N/A,N/A,1863647926.4,N/A,2017915668.1,221599040,0,239942410,-1.9462,-3.0712,1.7463,-60.4119,
002015.SZ,霞客环保,2015-06-19,7.19,7.19,7.19,7.19,7.19,N/A,N/A,0,0,N/A,N/A,1812326321.9,N/A,2017915668.1,215496590,0,239942410,-1.9462,-3.0712,1.7463,-60.4119,
002015.SZ,霞客环保,2015-06-23,7.19,7.19,7.19,7.19,7.19,N/A,N/A,0,0,N/A,N/A,1812326321.9,N/A,2017915668.1,215496590,0,239942410,-1.9462,-3.0712,1.7463,-60.4119,
002015.SZ,霞客环保,2015-06-24,7.19,7.19,7.19,7.19,7.19,N/A,N/A,0,0,N/A,N/A,1812326321.9,N/A,2017915668.1,215496590,0,239942410,-1.9462,-3.0712,1.7463,-60.4119,
002015.SZ,霞客环保,2015-06-25,7.19,7.19,7.19,7.19,7.19,N/A,N/A,0,0,N/A,N/A,1812326321.9,N/A,2017915668.1,215496590,0,239942410,-1.9462,-3.0712,1.7463,-60.4119,
002015.SZ,霞客环保,2015-06-26,7.19,7.19,7.19,7.19,7.19,N/A,N/A,0,0,N/A,N/A,2705295055.95,N/A,2881060501.75,376258005,0,400703825,-2.7787,-4.3849,2.4932,-86.2526,
002015.SZ,霞客环保,2015-06-29,7.19,7.19,7.19,7.19,7.19,N/A,N/A,0,0,N/A,N/A,2705295055.95,N/A,2881060501.75,376258005,0,400703825,-2.7787,-4.3849,2.4932,-86.2526,
002015.SZ,霞客环保,2015-06-30,7.19,7.19,7.19,7.19,7.19,N/A,N/A,0,0,N/A,N/A,2749204026.45,N/A,2881060501.75,382364955,0,400703825,-2.7787,-4.3849,2.4932,-86.2526,
002015.SZ,霞客环保,2015-07-01,7.19,7.19,7.19,7.19,7.19,N/A,N/A,0,0,N/A,N/A,2749204026.45,N/A,2881060501.75,382364955,0,400703825,-2.7787,-4.3849,2.4932,-86.2526,
002015.SZ,霞客环保,2015-07-02,7.19,7.19,7.19,7.19,7.19,N/A,N/A,0,0,N/A,N/A,2749204026.45,N/A,2881060501.75,382364955,0,400703825,-2.7787,-4.3849,2.4932,-86.2526,
002015.SZ,霞客环保,2015-07-03,7.19,7.19,7.19,7.19,7.19,N/A,N/A,0,0,N/A,N/A,2749204026.45,N/A,2881060501.75,382364955,0,400703825,-2.7787,-4.3849,2.4932,-86.2526,
002015.SZ,霞客环保,2015-07-06,7.19,7.19,7.19,7.19,7.19,N/A,N/A,0,0,N/A,N/A,2749204026.45,N/A,2881060501.75,382364955,0,400703825,-2.7787,-4.3849,2.4932,-86.2526,
002015.SZ,霞客环保,2015-07-07,7.19,7.19,7.19,7.19,7.19,N/A,N/A,0,0,N/A,N/A,2749204026.45,N/A,2881060501.75,382364955,0,400703825,-2.7787,-4.3849,2.4932,-86.2526,
002015.SZ,霞客环保,2015-07-08,7.19,7.19,7.19,7.19,7.19,N/A,N/A,0,0,N/A,N/A,2749204026.45,N/A,2881060501.75,382364955,0,400703825,-2.7787,-4.3849,2.4932,-86.2526,
002015.SZ,霞客环保,2015-07-09,7.19,7.19,7.19,7.19,7.19,N/A,N/A,0,0,N/A,N/A,2749204026.45,N/A,2881060501.75,382364955,0,400703825,-2.7787,-4.3849,2.4932,-86.2526,
002015.SZ,霞客环保,2015-07-10,7.19,7.19,7.19,7.19,7.19,N/A,N/A,0,0,N/A,N/A,2749204026.45,N/A,2881060501.75,382364955,0,400703825,-2.7787,-4.3849,2.4932,-86.2526,
002015.SZ,霞客环保,2015-07-13,7.19,7.19,7.19,7.19,7.19,N/A,N/A,0,0,N/A,N/A,2749204026.45,N/A,2881060501.75,382364955,0,400703825,-2.7787,-4.3849,2.4932,-86.2526,
002015.SZ,霞客环保,2015-07-14,7.19,7.19,7.19,7.19,7.19,N/A,N/A,0,0,N/A,N/A,2749204026.45,N/A,2881060501.75,382364955,0,400703825,-2.7787,-4.3849,2.4932,-86.2526,
002015.SZ,霞客环保,2015-07-15,7.19,7.19,7.19,7.19,7.19,N/A,N/A,0,0,N/A,N/A,2749204026.45,N/A,2881060501.75,382364955,0,400703825,-2.7787,-4.3849,2.4932,-86.2526,
002015.SZ,霞客环保,2015-07-16,7.19,7.19,7.19,7.19,7.19,N/A,N/A,0,0,N/A,N/A,2749204026.45,N/A,2881060501.75,382364955,0,400703825,-2.7787,-4.3849,2.4932,-86.2526,
002015.SZ,霞客环保,2015-07-17,7.19,7.19,7.19,7.19,7.19,N/A,N/A,0,0,N/A,N/A,2749204026.45,N/A,2881060501.75,382364955,0,400703825,-2.7787,-4.3849,2.4932,-86.2526,
002015.SZ,霞客环保,2015-07-20,7.19,7.19,7.19,7.19,7.19,N/A,N/A,0,0,N/A,N/A,2749204026.45,N/A,2881060501.75,382364955,0,400703825,-2.7787,-4.3849,2.4932,-86.2526,
002015.SZ,霞客环保,2015-07-21,7.19,7.19,7.19,7.19,7.19,N/A,N/A,0,0,N/A,N/A,2749204026.45,N/A,2881060501.75,382364955,0,400703825,-2.7787,-4.3849,2.4932,-86.2526,
002015.SZ,霞客环保,2015-07-22,7.19,7.19,7.19,7.19,7.19,N/A,N/A,0,0,N/A,N/A,2749204026.45,N/A,2881060501.75,382364955,0,400703825,-2.7787,-4.3849,2.4932,-86.2526,
002015.SZ,霞客环保,2015-07-23,7.19,7.19,7.19,7.19,7.19,N/A,N/A,0,0,N/A,N/A,2749204026.45,N/A,2881060501.75,382364955,0,400703825,-2.7787,-4.3849,2.4932,-86.2526,
002015.SZ,霞客环保,2015-07-24,7.19,7.19,7.19,7.19,7.19,N/A,N/A,0,0,N/A,N/A,2749204026.45,N/A,2881060501.75,382364955,0,400703825,-2.7787,-4.3849,2.4932,-86.2526,
002015.SZ,霞客环保,2015-07-27,7.19,7.19,7.19,7.19,7.19,N/A,N/A,0,0,N/A,N/A,2749204026.45,N/A,2881060501.75,382364955,0,400703825,-2.7787,-4.3849,2.4932,-86.2526,
002015.SZ,霞客环保,2015-07-28,7.19,7.19,7.19,7.19,7.19,N/A,N/A,0,0,N/A,N/A,2749204026.45,N/A,2881060501.75,382364955,0,400703825,-2.7787,-4.3849,2.4932,-86.2526,
002015.SZ,霞客环保,2015-07-29,7.19,7.19,7.19,7.19,7.19,N/A,N/A,0,0,N/A,N/A,2749204026.45,N/A,2881060501.75,382364955,0,400703825,-2.7787,-4.3849,2.4932,-86.2526,
002015.SZ,霞客环保,2015-07-30,7.19,7.19,7.19,7.19,7.19,N/A,N/A,0,0,N/A,N/A,2749204026.45,N/A,2881060501.75,382364955,0,400703825,-2.7787,-4.3849,2.4932,-86.2526,
002015.SZ,霞客环保,2015-07-31,7.19,7.19,7.19,7.19,7.19,N/A,N/A,0,0,N/A,N/A,2749204026.45,N/A,2881060501.75,382364955,0,400703825,-2.7787,-4.3849,2.4932,-86.2526,
002015.SZ,霞客环保,2015-08-03,7.19,7.19,7.19,7.19,7.19,N/A,N/A,0,0,N/A,N/A,2749204026.45,N/A,2881060501.75,382364955,0,400703825,-2.7787,-4.3849,2.4932,-86.2526,
002015.SZ,霞客环保,2015-08-04,7.19,7.19,7.19,7.19,7.19,N/A,N/A,0,0,N/A,N/A,2749204026.45,N/A,2881060501.75,382364955,0,400703825,-2.7787,-4.3849,2.4932,-86.2526,
002015.SZ,霞客环保,2015-08-05,7.19,7.19,7.19,7.19,7.19,N/A,N/A,0,0,N/A,N/A,2749204026.45,N/A,2881060501.75,382364955,0,400703825,-2.7787,-4.3849,2.4932,-86.2526,
002015.SZ,霞客环保,2015-08-06,7.19,7.19,7.19,7.19,7.19,N/A,N/A,0,0,N/A,N/A,2749204026.45,N/A,2881060501.75,382364955,0,400703825,-2.7787,-4.3849,2.4932,-86.2526,
002015.SZ,霞客环保,2015-08-07,7.19,7.19,7.19,7.19,7.19,N/A,N/A,0,0,N/A,N/A,2749204026.45,N/A,2881060501.75,382364955,0,400703825,-2.7787,-4.3849,2.4932,-86.2526,
002015.SZ,霞客环保,2015-08-10,7.19,7.19,7.19,7.19,7.19,N/A,N/A,0,0,N/A,N/A,2749204026.45,N/A,2881060501.75,382364955,0,400703825,-2.7787,-4.3849,2.4932,-86.2526,
002015.SZ,霞客环保,2015-08-11,7.19,7.19,7.19,7.19,7.19,N/A,N/A,0,0,N/A,N/A,2749204026.45,N/A,2881060501.75,382364955,0,400703825,-2.7787,-4.3849,2.4932,-86.2526,
002015.SZ,霞客环保,2015-08-12,7.19,7.19,7.19,7.19,7.19,N/A,N/A,0,0,N/A,N/A,2749204026.45,N/A,2881060501.75,382364955,0,400703825,-2.7787,-4.3849,2.4932,-86.2526,
002015.SZ,霞客环保,2015-08-13,7.19,7.19,7.19,7.19,7.19,N/A,N/A,0,0,N/A,N/A,2749204026.45,N/A,2881060501.75,382364955,0,400703825,-2.7787,-4.3849,2.4932,-86.2526,
002015.SZ,霞客环保,2015-08-14,7.19,7.19,7.19,7.19,7.19,N/A,N/A,0,0,N/A,N/A,2749204026.45,N/A,2881060501.75,382364955,0,400703825,-2.7787,-4.3849,2.4932,-86.2526,
002015.SZ,霞客环保,2015-08-17,7.19,7.19,7.19,7.19,7.19,N/A,N/A,0,0,N/A,N/A,2749204026.45,N/A,2881060501.75,382364955,0,400703825,-2.7787,-4.3849,2.4932,-86.2526,
002015.SZ,霞客环保,2015-08-18,7.19,7.19,7.19,7.19,7.19,N/A,N/A,0,0,N/A,N/A,2749204026.45,N/A,2881060501.75,382364955,0,400703825,-2.7787,-4.3849,2.4932,-86.2526,
002015.SZ,霞客环保,2015-08-19,7.19,7.19,7.19,7.19,7.19,N/A,N/A,0,0,N/A,N/A,2749204026.45,N/A,2881060501.75,382364955,0,400703825,-2.7787,-4.3849,2.4932,-86.2526,
002015.SZ,霞客环保,2015-08-20,7.19,7.19,7.19,7.19,7.19,N/A,N/A,0,0,N/A,N/A,2749204026.45,N/A,2881060501.75,382364955,0,400703825,-2.7787,-4.3849,2.4932,-86.2526,
002015.SZ,霞客环保,2015-08-21,7.19,7.19,7.19,7.19,7.19,N/A,N/A,0,0,N/A,N/A,2749204026.45,N/A,2881060501.75,382364955,0,400703825,-2.7787,-4.3849,2.4932,-86.2526,
002015.SZ,霞客环保,2015-08-24,7.19,7.19,7.19,7.19,7.19,N/A,N/A,0,0,N/A,N/A,2749204026.45,N/A,2881060501.75,382364955,0,400703825,-2.7787,-4.3849,2.4932,-86.2526,
002015.SZ,霞客环保,2015-08-25,7.19,7.19,7.19,7.19,7.19,N/A,N/A,0,0,N/A,N/A,2749204026.45,N/A,2881060501.75,382364955,0,400703825,-2.7787,-4.3849,2.4932,-86.2526,
002015.SZ,霞客环保,2015-08-26,7.19,7.19,7.19,7.19,7.19,N/A,N/A,0,0,N/A,N/A,2749204026.45,N/A,2881060501.75,382364955,0,400703825,-2.7787,-4.3849,2.4932,-86.2526,
002015.SZ,霞客环保,2015-08-27,7.19,7.19,7.19,7.19,7.19,N/A,N/A,0,0,N/A,N/A,2749204026.45,N/A,2881060501.75,382364955,0,400703825,-2.7787,-4.3849,2.4932,-86.2526,
002015.SZ,霞客环保,2015-08-28,7.19,7.19,7.19,7.19,7.19,N/A,N/A,0,0,N/A,N/A,2749204026.45,N/A,2881060501.75,382364955,0,400703825,-2.7787,-4.3849,2.4932,-86.2526,
002015.SZ,霞客环保,2015-08-31,7.19,7.19,7.19,7.19,7.19,N/A,N/A,0,0,N/A,N/A,2749204026.45,N/A,2881060501.75,382364955,0,400703825,-2.7787,-4.3849,2.4932,-86.2526,
002015.SZ,霞客环保,2015-09-01,7.19,7.19,7.19,7.19,7.19,N/A,N/A,0,0,N/A,N/A,2749204026.45,N/A,2881060501.75,382364955,0,400703825,-2.7787,-4.3849,2.4932,-86.2526,
002015.SZ,霞客环保,2015-09-02,7.19,7.19,7.19,7.19,7.19,N/A,N/A,0,0,N/A,N/A,1584274323.46,N/A,2881060501.75,220344134,0,400703825,-2.7787,-4.3849,2.4932,-86.2526,
002015.SZ,霞客环保,2015-09-07,7.19,7.19,7.19,7.19,7.19,N/A,N/A,0,0,N/A,N/A,1584274323.46,N/A,2881060501.75,220344134,0,400703825,-2.7787,-4.3849,2.4932,-86.2526,
002015.SZ,霞客环保,2015-09-08,7.19,7.19,7.19,7.19,7.19,N/A,N/A,0,0,N/A,N/A,1584274323.46,N/A,2881060501.75,220344134,0,400703825,-2.7787,-4.3849,2.4932,-86.2526,
002015.SZ,霞客环保,2015-09-09,7.19,7.19,7.19,7.19,7.19,N/A,N/A,0,0,N/A,N/A,1584274323.46,N/A,2881060501.75,220344134,0,400703825,-2.7787,-4.3849,2.4932,-86.2526,
002015.SZ,霞客环保,2015-09-10,7.19,7.19,7.19,7.19,7.19,N/A,N/A,0,0,N/A,N/A,1584274323.46,N/A,2881060501.75,220344134,0,400703825,-2.7787,-4.3849,2.4932,-86.2526,
002015.SZ,霞客环保,2015-09-11,7.19,7.19,7.19,7.19,7.19,N/A,N/A,0,0,N/A,N/A,1584274323.46,N/A,2881060501.75,220344134,0,400703825,-2.7787,-4.3849,2.4932,-86.2526,
002015.SZ,霞客环保,2015-09-14,7.19,7.19,7.19,7.19,7.19,N/A,N/A,0,0,N/A,N/A,1584274323.46,N/A,2881060501.75,220344134,0,400703825,-2.7787,-4.3849,2.4932,-86.2526,
002015.SZ,霞客环保,2015-09-15,7.19,7.19,7.19,7.19,7.19,N/A,N/A,0,0,N/A,N/A,1584274323.46,N/A,2881060501.75,220344134,0,400703825,-2.7787,-4.3849,2.4932,-86.2526,
002015.SZ,霞客环保,2015-09-16,7.19,7.19,7.19,7.19,7.19,N/A,N/A,0,0,N/A,N/A,1584274323.46,N/A,2881060501.75,220344134,0,400703825,-2.7787,-4.3849,2.4932,-86.2526,
002015.SZ,霞客环保,2015-09-17,7.19,7.19,7.19,7.19,7.19,N/A,N/A,0,0,N/A,N/A,1584274323.46,N/A,2881060501.75,220344134,0,400703825,-2.7787,-4.3849,2.4932,-86.2526,
002015.SZ,霞客环保,2015-09-18,7.19,7.19,7.19,7.19,7.19,N/A,N/A,0,0,N/A,N/A,1584274323.46,N/A,2881060501.75,220344134,0,400703825,-2.7787,-4.3849,2.4932,-86.2526,
002015.SZ,霞客环保,2015-09-21,7.19,7.19,7.19,7.19,7.19,N/A,N/A,0,0,N/A,N/A,1584274323.46,N/A,2881060501.75,220344134,0,400703825,-2.7787,-4.3849,2.4932,-86.2526,
002015.SZ,霞客环保,2015-09-22,7.19,7.19,7.19,7.19,7.19,N/A,N/A,0,0,N/A,N/A,1584274323.46,N/A,2881060501.75,220344134,0,400703825,-2.7787,-4.3849,2.4932,-86.2526,
002015.SZ,霞客环保,2015-09-23,7.19,7.19,7.19,7.19,7.19,N/A,N/A,0,0,N/A,N/A,1584274323.46,N/A,2881060501.75,220344134,0,400703825,-2.7787,-4.3849,2.4932,-86.2526,
002015.SZ,霞客环保,2015-09-24,7.19,7.19,7.19,7.19,7.19,N/A,N/A,0,0,N/A,N/A,1584274323.46,N/A,2881060501.75,220344134,0,400703825,-2.7787,-4.3849,2.4932,-86.2526,
002015.SZ,霞客环保,2015-09-25,7.19,7.19,7.19,7.19,7.19,N/A,N/A,0,0,N/A,N/A,1584274323.46,N/A,2881060501.75,220344134,0,400703825,-2.7787,-4.3849,2.4932,-86.2526,
002015.SZ,霞客环保,2015-09-28,7.19,7.19,7.19,7.19,7.19,N/A,N/A,0,0,N/A,N/A,1584274323.46,N/A,2881060501.75,220344134,0,400703825,-2.7787,-4.3849,2.4932,-86.2526,
002015.SZ,霞客环保,2015-09-29,7.19,7.19,7.19,7.19,7.19,N/A,N/A,0,0,N/A,N/A,1584274323.46,N/A,2881060501.75,220344134,0,400703825,-2.7787,-4.3849,2.4932,-86.2526,
002015.SZ,霞客环保,2015-09-30,7.19,7.19,7.19,7.19,7.19,N/A,N/A,0,0,N/A,N/A,1584274323.46,N/A,2881060501.75,220344134,0,400703825,-2.7787,-4.3849,2.4932,-86.2526,
002015.SZ,霞客环保,2015-10-08,7.19,7.19,7.19,7.19,7.19,N/A,N/A,0,0,N/A,N/A,1584274323.46,N/A,2881060501.75,220344134,0,400703825,-2.7787,-4.3849,2.4932,-86.2526,
002015.SZ,霞客环保,2015-10-09,7.19,7.19,7.19,7.19,7.19,N/A,N/A,0,0,N/A,N/A,1584274323.46,N/A,2881060501.75,220344134,0,400703825,-2.7787,-4.3849,2.4932,-86.2526,
002015.SZ,霞客环保,2015-10-12,7.19,7.19,7.19,7.19,7.19,N/A,N/A,0,0,N/A,N/A,1584274323.46,N/A,2881060501.75,220344134,0,400703825,-2.7787,-4.3849,2.4932,-86.2526,
002015.SZ,霞客环保,2015-10-13,7.19,7.19,7.19,7.19,7.19,N/A,N/A,0,0,N/A,N/A,1584274323.46,N/A,2881060501.75,220344134,0,400703825,-2.7787,-4.3849,2.4932,-86.2526,
002015.SZ,霞客环保,2015-10-14,7.19,7.19,7.19,7.19,7.19,N/A,N/A,0,0,N/A,N/A,1584274323.46,N/A,2881060501.75,220344134,0,400703825,-2.7787,-4.3849,2.4932,-86.2526,
002015.SZ,霞客环保,2015-10-15,7.19,7.19,7.19,7.19,7.19,N/A,N/A,0,0,N/A,N/A,1584274323.46,N/A,2881060501.75,220344134,0,400703825,-2.7787,-4.3849,2.4932,-86.2526,
002015.SZ,霞客环保,2015-10-16,7.19,7.19,7.19,7.19,7.19,N/A,N/A,0,0,N/A,N/A,1584274323.46,N/A,2881060501.75,220344134,0,400703825,-2.7787,-4.3849,2.4932,-86.2526,
002015.SZ,霞客环保,2015-10-19,7.19,7.19,7.19,7.19,7.19,N/A,N/A,0,0,N/A,N/A,1584274323.46,N/A,2881060501.75,220344134,0,400703825,-2.7787,-4.3849,2.4932,-86.2526,
002015.SZ,霞客环保,2015-10-20,7.19,7.19,7.19,7.19,7.19,N/A,N/A,0,0,N/A,N/A,1584274323.46,N/A,2881060501.75,220344134,0,400703825,-2.7787,-4.3849,2.4932,-86.2526,
002015.SZ,霞客环保,2015-10-21,7.19,7.19,7.19,7.19,7.19,N/A,N/A,0,0,N/A,N/A,1584274323.46,N/A,2881060501.75,220344134,0,400703825,-2.7787,-4.3849,2.4932,-86.2526,
002015.SZ,霞客环保,2015-10-22,7.19,7.19,7.19,7.19,7.19,N/A,N/A,0,0,N/A,N/A,1584274323.46,N/A,2881060501.75,220344134,0,400703825,-2.7787,-4.3849,2.4932,-86.2526,
002015.SZ,霞客环保,2015-10-23,7.19,7.19,7.19,7.19,7.19,N/A,N/A,0,0,N/A,N/A,1584274323.46,N/A,2881060501.75,220344134,0,400703825,-2.7787,-4.3849,2.4932,-86.2526,
002015.SZ,霞客环保,2015-10-26,7.19,7.19,7.19,7.19,7.19,N/A,N/A,0,0,N/A,N/A,1584274323.46,N/A,2881060501.75,220344134,0,400703825,-2.7787,-4.3849,2.4932,-86.2526,
002015.SZ,霞客环保,2015-10-27,7.19,7.19,7.19,7.19,7.19,N/A,N/A,0,0,N/A,N/A,1584274323.46,N/A,2881060501.75,220344134,0,400703825,-2.7787,-4.3849,2.4932,-86.2526,
002015.SZ,霞客环保,2015-10-28,7.19,7.19,7.19,7.19,7.19,N/A,N/A,0,0,N/A,N/A,1584274323.46,N/A,2881060501.75,220344134,0,400703825,-2.7787,-4.3849,2.4932,-86.2526,
002015.SZ,霞客环保,2015-10-29,7.19,7.19,7.19,7.19,7.19,N/A,N/A,0,0,N/A,N/A,1584274323.46,N/A,2881060501.75,220344134,0,400703825,-2.7787,-4.3849,2.4932,-86.2526,
002015.SZ,霞客环保,2015-10-30,7.19,7.19,7.19,7.19,7.19,N/A,N/A,0,0,N/A,N/A,1584274323.46,N/A,2881060501.75,220344134,0,400703825,-2.7787,-4.3849,2.4932,-86.2526,
002015.SZ,霞客环保,2015-11-02,7.19,7.19,7.19,7.19,7.19,N/A,N/A,0,0,N/A,N/A,1584274323.46,N/A,2881060501.75,220344134,0,400703825,-2.7787,-4.3849,2.4932,-86.2526,
002015.SZ,霞客环保,2015-11-03,7.19,7.19,7.19,7.19,7.19,N/A,N/A,0,0,N/A,N/A,1584274323.46,N/A,2881060501.75,220344134,0,400703825,-2.7787,-4.3849,2.4932,-86.2526,
002015.SZ,霞客环保,2015-11-04,7.19,7.19,7.19,7.19,7.19,N/A,N/A,0,0,N/A,N/A,1584274323.46,N/A,2881060501.75,220344134,0,400703825,-2.7787,-4.3849,2.4932,-86.2526,
002015.SZ,霞客环保,2015-11-05,7.19,7.19,7.19,7.19,7.19,N/A,N/A,0,0,N/A,N/A,1584274323.46,N/A,2881060501.75,220344134,0,400703825,-2.7787,-4.3849,2.4932,-86.2526,
002015.SZ,霞客环保,2015-11-06,7.19,7.19,7.19,7.19,7.19,N/A,N/A,0,0,N/A,N/A,1584274323.46,N/A,2881060501.75,220344134,0,400703825,-2.7787,-4.3849,2.4932,-86.2526,
002015.SZ,霞客环保,2015-11-09,7.19,7.19,7.19,7.19,7.19,N/A,N/A,0,0,N/A,N/A,1584274323.46,N/A,2881060501.75,220344134,0,400703825,-2.7787,-4.3849,2.4932,-86.2526,
002015.SZ,霞客环保,2015-11-10,7.19,7.19,7.19,7.19,7.19,N/A,N/A,0,0,N/A,N/A,1584274323.46,N/A,2881060501.75,220344134,0,400703825,-2.7787,-4.3849,2.4932,-86.2526,
002015.SZ,霞客环保,2015-11-11,7.19,7.19,7.19,7.19,7.19,N/A,N/A,0,0,N/A,N/A,1584274323.46,N/A,2881060501.75,220344134,0,400703825,-2.7787,-4.3849,2.4932,-86.2526,
002015.SZ,霞客环保,2015-11-12,7.19,7.19,7.19,7.19,7.19,N/A,N/A,0,0,N/A,N/A,1584274323.46,N/A,2881060501.75,220344134,0,400703825,-2.7787,-4.3849,2.4932,-86.2526,
002015.SZ,霞客环保,2015-11-13,7.19,7.19,7.19,7.19,7.19,N/A,N/A,0,0,N/A,N/A,1584274323.46,N/A,2881060501.75,220344134,0,400703825,-2.7787,-4.3849,2.4932,-86.2526,
002015.SZ,霞客环保,2015-11-16,7.19,7.19,7.19,7.19,7.19,N/A,N/A,0,0,N/A,N/A,1584274323.46,N/A,2881060501.75,220344134,0,400703825,-2.7787,-4.3849,2.4932,-86.2526,
002015.SZ,霞客环保,2015-11-17,7.19,7.19,7.19,7.19,7.19,N/A,N/A,0,0,N/A,N/A,1584274323.46,N/A,2881060501.75,220344134,0,400703825,-2.7787,-4.3849,2.4932,-86.2526,
002015.SZ,霞客环保,2015-11-18,7.19,7.19,7.19,7.19,7.19,N/A,N/A,0,0,N/A,N/A,1584274323.46,N/A,2881060501.75,220344134,0,400703825,-2.7787,-4.3849,2.4932,-86.2526,
002015.SZ,霞客环保,2015-11-19,7.19,7.19,7.19,7.19,7.19,N/A,N/A,0,0,N/A,N/A,1584274323.46,N/A,2881060501.75,220344134,0,400703825,-2.7787,-4.3849,2.4932,-86.2526,
002015.SZ,霞客环保,2015-11-20,7.19,7.19,7.19,7.19,7.19,N/A,N/A,0,0,N/A,N/A,1584274323.46,N/A,2881060501.75,220344134,0,400703825,-2.7787,-4.3849,2.4932,-86.2526,
002015.SZ,霞客环保,2015-11-23,7.19,7.19,7.19,7.19,7.19,N/A,N/A,0,0,N/A,N/A,1584274323.46,N/A,2881060501.75,220344134,0,400703825,-2.7787,-4.3849,2.4932,-86.2526,
002015.SZ,霞客环保,2015-11-24,7.19,7.19,7.19,7.19,7.19,N/A,N/A,0,0,N/A,N/A,1584274323.46,N/A,2881060501.75,220344134,0,400703825,-2.7787,-4.3849,2.4932,-86.2526,
002015.SZ,霞客环保,2015-11-25,7.19,7.19,7.19,7.19,7.19,N/A,N/A,0,0,N/A,N/A,1584274323.46,N/A,2881060501.75,220344134,0,400703825,-2.7787,-4.3849,2.4932,-86.2526,
002015.SZ,霞客环保,2015-11-26,7.19,7.19,7.19,7.19,7.19,N/A,N/A,0,0,N/A,N/A,1584274323.46,N/A,2881060501.75,220344134,0,400703825,-2.7787,-4.3849,2.4932,-86.2526,
002015.SZ,霞客环保,2015-11-27,7.19,7.19,7.19,7.19,7.19,N/A,N/A,0,0,N/A,N/A,1584274323.46,N/A,2881060501.75,220344134,0,400703825,-2.7787,-4.3849,2.4932,-86.2526,
002015.SZ,霞客环保,2015-11-30,7.19,7.19,7.19,7.19,7.19,N/A,N/A,0,0,N/A,N/A,1584274323.46,N/A,2881060501.75,220344134,0,400703825,-2.7787,-4.3849,2.4932,-86.2526,
002015.SZ,霞客环保,2015-12-01,7.19,7.19,7.19,7.19,7.19,N/A,N/A,0,0,N/A,N/A,1584274323.46,N/A,2881060501.75,220344134,0,400703825,-2.7787,-4.3849,2.4932,-86.2526,
002015.SZ,霞客环保,2015-12-02,7.19,7.19,7.19,7.19,7.19,N/A,N/A,0,0,N/A,N/A,1584274323.46,N/A,2881060501.75,220344134,0,400703825,-2.7787,-4.3849,2.4932,-86.2526,
002015.SZ,霞客环保,2015-12-03,7.19,7.19,7.19,7.19,7.19,N/A,N/A,0,0,N/A,N/A,1584274323.46,N/A,2881060501.75,220344134,0,400703825,-2.7787,-4.3849,2.4932,-86.2526,
002015.SZ,霞客环保,2015-12-04,7.19,7.19,7.19,7.19,7.19,N/A,N/A,0,0,N/A,N/A,1584274323.46,N/A,2881060501.75,220344134,0,400703825,-2.7787,-4.3849,2.4932,-86.2526,
002015.SZ,霞客环保,2015-12-07,7.19,7.19,7.19,7.19,7.19,N/A,N/A,0,0,N/A,N/A,1584274323.46,N/A,2881060501.75,220344134,0,400703825,-2.7787,-4.3849,2.4932,-86.2526,
002015.SZ,霞客环保,2015-12-08,7.19,7.19,7.19,7.19,7.19,N/A,N/A,0,0,N/A,N/A,1584274323.46,N/A,2881060501.75,220344134,0,400703825,-2.7787,-4.3849,2.4932,-86.2526,
002015.SZ,霞客环保,2015-12-09,7.19,7.19,7.19,7.19,7.19,N/A,N/A,0,0,N/A,N/A,1584274323.46,N/A,2881060501.75,220344134,0,400703825,-2.7787,-4.3849,2.4932,-86.2526,
002015.SZ,霞客环保,2015-12-10,7.19,7.19,7.19,7.19,7.19,N/A,N/A,0,0,N/A,N/A,1584274323.46,N/A,2881060501.75,220344134,0,400703825,-2.7787,-4.3849,2.4932,-86.2526,
002015.SZ,霞客环保,2015-12-11,7.19,7.19,7.19,7.19,7.19,N/A,N/A,0,0,N/A,N/A,1584274323.46,N/A,2881060501.75,220344134,0,400703825,-2.7787,-4.3849,2.4932,-86.2526,
002015.SZ,霞客环保,2015-12-14,7.19,7.19,7.19,7.19,7.19,N/A,N/A,0,0,N/A,N/A,1584274323.46,N/A,2881060501.75,220344134,0,400703825,-2.7787,-4.3849,2.4932,-86.2526,
002015.SZ,霞客环保,2015-12-15,7.19,7.19,7.19,7.19,7.19,N/A,N/A,0,0,N/A,N/A,1584274323.46,N/A,2881060501.75,220344134,0,400703825,-2.7787,-4.3849,2.4932,-86.2526,
002015.SZ,霞客环保,2015-12-16,7.19,7.19,7.19,7.19,7.19,N/A,N/A,0,0,N/A,N/A,1584274323.46,N/A,2881060501.75,220344134,0,400703825,-2.7787,-4.3849,2.4932,-86.2526,
002015.SZ,霞客环保,2015-12-17,7.19,7.19,7.19,7.19,7.19,N/A,N/A,0,0,N/A,N/A,1584274323.46,N/A,2881060501.75,220344134,0,400703825,-2.7787,-4.3849,2.4932,-86.2526,
002015.SZ,霞客环保,2015-12-18,7.19,7.19,7.19,7.19,7.19,N/A,N/A,0,0,N/A,N/A,1584274323.46,N/A,2881060501.75,220344134,0,400703825,-2.7787,-4.3849,2.4932,-86.2526,
002015.SZ,霞客环保,2015-12-21,7.19,7.19,7.19,7.19,7.19,N/A,N/A,0,0,N/A,N/A,1584274323.46,N/A,2881060501.75,220344134,0,400703825,-2.7787,-4.3849,2.4932,-86.2526,
002015.SZ,霞客环保,2015-12-22,7.19,7.19,7.19,7.19,7.19,N/A,N/A,0,0,N/A,N/A,1584274323.46,N/A,2881060501.75,220344134,0,400703825,-2.7787,-4.3849,2.4932,-86.2526,
002015.SZ,霞客环保,2015-12-23,7.19,7.19,7.19,7.19,7.19,N/A,N/A,0,0,N/A,N/A,1584274323.46,N/A,2881060501.75,220344134,0,400703825,-2.7787,-4.3849,2.4932,-86.2526,
002015.SZ,霞客环保,2015-12-24,7.19,7.19,7.19,7.19,7.19,N/A,N/A,0,0,N/A,N/A,1584274323.46,N/A,2881060501.75,220344134,0,400703825,-2.7787,-4.3849,2.4932,-86.2526,
002015.SZ,霞客环保,2015-12-25,7.19,7.19,7.19,7.19,7.19,N/A,N/A,0,0,N/A,N/A,1584274323.46,N/A,2881060501.75,220344134,0,400703825,-2.7787,-4.3849,2.4932,-86.2526,
002015.SZ,霞客环保,2015-12-28,7.19,7.19,7.19,7.19,7.19,N/A,N/A,0,0,N/A,N/A,1584274323.46,N/A,2881060501.75,220344134,0,400703825,-2.7787,-4.3849,2.4932,-86.2526,
002015.SZ,霞客环保,2015-12-29,7.19,7.19,7.19,7.19,7.19,N/A,N/A,0,0,N/A,N/A,1584274323.46,N/A,2881060501.75,220344134,0,400703825,-2.7787,-4.3849,2.4932,-86.2526,
002015.SZ,霞客环保,2015-12-30,7.19,7.19,7.19,7.19,7.19,N/A,N/A,0,0,N/A,N/A,1584274323.46,N/A,2881060501.75,220344134,0,400703825,-2.7787,-4.3849,2.4932,-86.2526,
002015.SZ,霞客环保,2015-12-31,7.19,7.19,7.19,7.19,7.19,N/A,N/A,0,0,N/A,N/A,1584274323.46,N/A,2881060501.75,220344134,0,400703825,-2.7787,-4.3849,2.4932,-86.2526,
002015.SZ,霞客环保,2016-01-04,7.19,7.19,7.19,7.19,7.19,N/A,N/A,0,0,N/A,N/A,1584274323.46,N/A,2881060501.75,220344134,0,400703825,26.4604,8.7454,7.3276,29.3922,
002015.SZ,霞客环保,2016-01-05,7.19,7.19,7.19,7.19,7.19,N/A,N/A,0,0,N/A,N/A,1584274323.46,N/A,2881060501.75,220344134,0,400703825,26.4604,8.7454,7.3276,29.3922,
002015.SZ,霞客环保,2016-01-06,7.19,7.19,7.19,7.19,7.19,N/A,N/A,0,0,N/A,N/A,1584274323.46,N/A,2881060501.75,220344134,0,400703825,26.4604,8.7454,7.3276,29.3922,
002015.SZ,霞客环保,2016-01-07,7.19,7.19,7.19,7.19,7.19,N/A,N/A,0,0,N/A,N/A,1584274323.46,N/A,2881060501.75,220344134,0,400703825,26.4604,8.7454,7.3276,29.3922,
002015.SZ,霞客环保,2016-01-08,7.19,7.19,7.19,7.19,7.19,N/A,N/A,0,0,N/A,N/A,1584274323.46,N/A,2881060501.75,220344134,0,400703825,26.4604,8.7454,7.3276,29.3922,
002015.SZ,霞客环保,2016-01-11,7.19,7.55,7.55,7.55,7.55,808965,6107685.8,0.36,5.007,7.55,0.3671,1663598211.7,N/A,3025313878.75,220344134,0,400703825,27.7853,9.1833,7.6944,30.8639,
002015.SZ,霞客环保,2016-01-12,7.55,7.93,7.93,7.93,7.93,103865,823649.5,0.38,5.0331,7.93,0.0471,1747328982.62,N/A,3177581332.25,220344134,0,400703825,29.1837,9.6455,8.0817,32.4173,
002015.SZ,霞客环保,2016-01-13,7.93,8.33,8.33,8.33,8.33,142954,1190806.8,0.4,5.0441,8.33,0.0649,1835466636.22,N/A,3337862862.25,220344134,0,400703825,30.6558,10.132,8.4894,34.0525,
002015.SZ,霞客环保,2016-01-14,8.33,8.75,8.75,8.75,8.75,75754,662847.5,0.42,5.042,8.75,0.0344,1928011172.5,N/A,3506158468.75,220344134,0,400703825,32.2015,10.6429,8.9174,35.7694,
002015.SZ,霞客环保,2016-01-15,8.75,9.19,9.19,9,9.19,31667225,290937829.7,0.44,5.0286,9.1873,14.3717,2024962591.46,N/A,3682468151.75,220344134,0,400703825,33.8207,11.1781,9.3658,37.5681,
002015.SZ,霞客环保,2016-01-18,9.19,9.2,9.2,8.73,8.73,29395738,258465440.2,-0.46,-5.0054,8.7926,13.3408,1923604289.82,N/A,3498144392.25,220344134,0,400703825,32.1279,10.6186,8.897,35.6876,
002015.SZ,霞客环保,2016-01-19,8.73,8.4,8.61,8.29,8.48,21438993,178158828.1,-0.25,-2.8637,8.31,9.7298,1868518256.32,N/A,3397968436,220344134,0,400703825,31.2078,10.3145,8.6422,34.6656,
002015.SZ,霞客环保,2016-01-20,8.48,8.34,8.9,8.29,8.9,23396438,205610768.5,0.42,4.9528,8.7881,10.6181,1961062792.6,N/A,3566264042.5,220344134,0,400703825,32.7535,10.8254,9.0703,36.3826,
002015.SZ,霞客环保,2016-01-21,8.9,8.7,8.99,8.46,8.46,19881222,172090850.8,-0.44,-4.9438,8.6559,9.0228,1864111373.64,N/A,3389954359.5,220344134,0,400703825,31.1342,10.2902,8.6219,34.5839,
002015.SZ,霞客环保,2016-01-22,8.46,8.35,8.55,8.04,8.1,13839226,113077767,-0.36,-4.2553,8.1708,6.2807,1784787485.4,N/A,3245700982.5,220344134,0,400703825,29.8094,9.8523,8.255,33.1122,
002015.SZ,霞客环保,2016-01-25,8.1,8.28,8.42,7.98,8.12,12973170,106097474.8,0.02,0.2469,8.1782,5.8877,1789194368.08,N/A,3253715059,220344134,0,400703825,29.883,9.8766,8.2753,33.194,
002015.SZ,霞客环保,2016-01-26,8.12,8,8.25,7.71,7.71,9656271,77393858.2,-0.41,-5.0493,8.0149,4.3824,1698853273.14,N/A,3089426490.75,220344134,0,400703825,28.3741,9.3779,7.8575,31.5179,
002015.SZ,霞客环保,2016-01-27,7.71,7.42,7.56,7.32,7.32,7083900,52011825,-0.39,-5.0584,7.3423,3.2149,1612919060.88,N/A,2933151999,220344134,0,400703825,26.9388,8.9036,7.46,29.9236,
002015.SZ,霞客环保,2016-01-28,7.32,7.34,7.34,6.95,6.95,7251137,51512687.5,-0.37,-5.0546,7.1041,3.2908,1531391731.3,N/A,2784891583.75,220344134,0,400703825,25.5772,8.4535,7.083,28.4111,
002015.SZ,霞客环保,2016-01-29,6.95,6.72,6.95,6.6,6.8,13939663,93346678.9,-0.15,-2.1583,6.6965,6.3263,1498340111.2,N/A,2724786010,220344134,0,400703825,25.0251,8.2711,6.9301,27.7979,
002015.SZ,霞客环保,2016-02-01,6.8,6.8,7.14,6.73,6.94,9040565,63338470.9,0.14,2.0588,7.006,4.1029,1529188289.96,N/A,2780884545.5,220344134,0,400703825,25.5404,8.4413,7.0728,28.3702,
002015.SZ,霞客环保,2016-02-02,6.94,6.97,7.29,6.97,7.29,2843342,20520846.7,0.35,5.0432,7.2172,1.2904,1606308736.86,N/A,2921130884.25,220344134,0,400703825,26.8284,8.8671,7.4295,29.801,
002015.SZ,霞客环保,2016-02-03,7.29,7.58,7.65,7.44,7.65,6001029,45745408.9,0.36,4.9383,7.6229,2.7235,1685632625.1,N/A,3065384261.25,220344134,0,400703825,28.1533,9.3049,7.7964,31.2727,
002015.SZ,霞客环保,2016-02-04,7.65,7.97,8.03,7.9,8.03,4152083,33231772.9,0.38,4.9673,8.0036,1.8844,1769363396.02,N/A,3217651714.75,220344134,0,400703825,29.5517,9.7671,8.1836,32.8261,
002015.SZ,霞客环保,2016-02-05,8.03,8.43,8.43,8.43,8.43,849672,7162735,0.4,4.9813,8.43,0.3856,1857501049.62,N/A,3377933244.75,220344134,0,400703825,31.0238,10.2537,8.5913,34.4613,
002015.SZ,霞客环保,2016-02-15,8.43,8.11,8.78,8.01,8.44,18946756,157848289.9,0.01,0.1186,8.3312,8.5987,1859704490.96,N/A,3381940283,220344134,0,400703825,31.0606,10.2658,8.6015,34.5021,
002015.SZ,霞客环保,2016-02-16,8.44,8.34,8.86,8.34,8.86,17253037,148911890.4,0.42,4.9763,8.6311,7.83,1952249027.24,N/A,3550235889.5,220344134,0,400703825,32.6063,10.7767,9.0295,36.2191,
002015.SZ,霞客环保,2016-02-17,8.86,8.86,9.07,8.48,8.78,15187735,132940850.8,-0.08,-0.9029,8.7532,6.8927,1934621496.52,N/A,3518179583.5,220344134,0,400703825,32.3119,10.6794,8.948,35.892,
002015.SZ,霞客环保,2016-02-18,8.78,8.81,9.22,8.7,9.22,16256624,146284160.7,0.44,5.0114,8.9984,7.3778,2031572915.48,N/A,3694489266.5,220344134,0,400703825,33.9311,11.2146,9.3964,37.6907,
002015.SZ,霞客环保,2016-02-19,9.22,9,9.56,8.93,9.4,15755589,145164101.8,0.18,1.9523,9.2135,7.1504,2071234859.6,N/A,3766615955,220344134,0,400703825,34.5936,11.4335,9.5798,38.4265,
002015.SZ,霞客环保,2016-02-22,9.4,9.5,9.87,9.5,9.87,5301590,51784642.6,0.47,5,9.7678,2.406,2174796602.58,N/A,3954946752.75,220344134,0,400703825,36.3232,12.0052,10.0588,40.3479,
002015.SZ,霞客环保,2016-02-23,9.87,10.36,10.36,10.22,10.36,2374674,24594511.6,0.49,4.9645,10.357,1.0777,2282765228.24,N/A,4151291627,220344134,0,400703825,38.1265,12.6012,10.5582,42.351,
002015.SZ,霞客环保,2016-02-24,10.36,10.36,10.36,10.36,10.36,N/A,N/A,0,0,N/A,N/A,2282765228.24,N/A,4151291627,220344134,0,400703825,38.1265,12.6012,10.5582,42.351,
002015.SZ,霞客环保,2016-02-25,10.36,10,10.02,9.32,9.32,26428959,251162284.1,-1.04,-10.0386,9.5033,11.9944,2053607328.88,N/A,3734559649,220344134,0,400703825,34.2992,11.3362,9.4983,38.0995,
002015.SZ,霞客环保,2016-02-26,9.32,8.8,10.25,8.48,10.25,45143366,438565139.8,0.93,9.9785,9.7149,20.4877,2258527373.5,N/A,4107214206.25,220344134,0,400703825,37.7217,12.4674,10.4461,41.9013,
002015.SZ,霞客环保,2016-02-29,10.25,10.4,11.18,9.53,10.01,38204392,400071469.7,-0.24,-2.3415,10.4719,17.3385,2205644781.34,N/A,4011045288.25,220344134,0,400703825,36.8385,12.1755,10.2015,40.9202,
002015.SZ,霞客环保,2016-03-01,10.01,9.1,9.69,9.01,9.44,26800252,248998946.2,-0.57,-5.6943,9.2909,12.1629,2080048624.96,N/A,3782644108,220344134,0,400703825,34.7408,11.4822,9.6206,38.5901,
002015.SZ,霞客环保,2016-03-02,9.44,9.14,10.25,9.14,9.9,23540117,231980528.2,0.46,4.8729,9.8547,10.6833,2181406926.6,N/A,3966967867.5,220344134,0,400703825,36.4337,12.0417,10.0894,40.4705,
002015.SZ,霞客环保,2016-03-03,9.9,9.59,10.89,9.59,10.89,39015173,407392743.6,0.99,10,10.4419,17.7065,2399547619.26,N/A,4363664654.25,220344134,0,400703825,40.077,13.2459,11.0983,44.5176,
002015.SZ,霞客环保,2016-03-04,10.89,10.9,11.98,10.6,11.62,57855256,660550026.9,0.73,6.7034,11.4173,26.2568,2560398837.08,N/A,4656178446.5,220344134,0,400703825,42.7635,14.1338,11.8423,47.5017,
002015.SZ,霞客环保,2016-03-07,11.62,11.02,11.93,10.8,11.18,39677448,452165723.1,-0.44,-3.7866,11.396,18.007,2463447418.12,N/A,4479868763.5,220344134,0,400703825,41.1443,13.5986,11.3939,45.7031,
002015.SZ,霞客环保,2016-03-08,11.18,11.09,11.42,10.6,10.96,22480336,246466666.3,-0.22,-1.9678,10.9637,10.2024,2414971708.64,N/A,4391713922,220344134,0,400703825,40.3346,13.331,11.1697,44.8037,
002015.SZ,霞客环保,2016-03-09,10.96,10.65,11.17,10.2,10.39,20512927,217692860.4,-0.57,-5.2007,10.6125,9.3095,2289375552.26,N/A,4163312741.75,220344134,0,400703825,38.2369,12.6377,10.5888,42.4736,
002015.SZ,霞客环保,2016-03-10,10.39,10.42,10.52,9.88,10.1,16896072,170993487.1,-0.29,-2.7911,10.1203,7.668,2225475753.4,N/A,4047108632.5,220344134,0,400703825,37.1697,12.285,10.2932,41.2881,
002015.SZ,霞客环保,2016-03-11,10.1,10.01,10.69,9.89,10.2,19116546,197763858.8,0.1,0.9901,10.3452,8.6758,2247510166.8,N/A,4087179015,220344134,0,400703825,37.5377,12.4066,10.3951,41.6969,
002015.SZ,霞客环保,2016-03-14,10.2,10.15,11.09,10.15,10.69,22093374,235772210.2,0.49,4.8039,10.6716,10.0268,2355478792.46,N/A,4283523889.25,220344134,0,400703825,39.341,13.0026,10.8945,43.7,
002015.SZ,霞客环保,2016-03-15,10.69,10.93,11.11,10.35,10.37,19538470,209387311.2,-0.32,-2.9935,10.7167,8.8673,2284968669.58,N/A,4155298665.25,220344134,0,400703825,38.1633,12.6134,10.5684,42.3918,
002015.SZ,霞客环保,2016-03-16,10.37,10.3,10.8,9.73,10.34,20936297,214885409.1,-0.03,-0.2893,10.2638,9.5016,2278358345.56,N/A,4143277550.5,220344134,0,400703825,38.0529,12.5769,10.5378,42.2692,
002015.SZ,霞客环保,2016-03-17,10.34,10.32,10.7,10.2,10.5,16215905,169472043,0.16,1.5474,10.451,7.3594,2313613407,N/A,4207390162.5,220344134,0,400703825,38.6418,12.7715,10.7009,42.9233,
002015.SZ,霞客环保,2016-03-18,10.5,10.45,10.9,10.4,10.74,19517757,208407113.9,0.24,2.2857,10.6778,8.8579,2366495999.16,N/A,4303559080.5,220344134,0,400703825,39.525,13.0634,10.9455,43.9044,
002015.SZ,霞客环保,2016-03-21,10.74,10.75,11.1,10.69,10.88,19577224,212456100.3,0.14,1.3035,10.8522,8.8848,2397344177.92,N/A,4359657616,220344134,0,400703825,40.0402,13.2337,11.0882,44.4767,
002015.SZ,霞客环保,2016-03-22,10.88,10.8,10.81,10.51,10.52,15394860,163131779.5,-0.36,-3.3088,10.5965,6.9867,2318020289.68,N/A,4215404239,220344134,0,400703825,38.7154,12.7958,10.7213,43.005,
002015.SZ,霞客环保,2016-03-23,10.52,10.52,10.88,10.48,10.74,16476618,176063183.9,0.22,2.0913,10.6856,7.4777,2366495999.16,N/A,4303559080.5,220344134,0,400703825,39.525,13.0634,10.9455,43.9044,
002015.SZ,霞客环保,2016-03-24,10.74,10.67,10.67,10.21,10.24,14652384,151275717.2,-0.5,-4.6555,10.3243,6.6498,2256323932.16,N/A,4103207168,220344134,0,400703825,37.6849,12.4552,10.4359,41.8604,
002015.SZ,霞客环保,2016-03-25,10.24,10.17,10.34,10.07,10.26,7766325,79067481.4,0.02,0.1953,10.1808,3.5246,2260730814.84,N/A,4111221244.5,220344134,0,400703825,37.7585,12.4796,10.4563,41.9422,
002015.SZ,霞客环保,2016-03-28,10.26,10.28,10.41,9.58,9.76,13566826,135867179.9,-0.5,-4.8733,10.0147,6.1571,2150558747.84,N/A,3910869332,220344134,0,400703825,35.9184,11.8714,9.9467,39.8982,
002015.SZ,霞客环保,2016-03-29,9.76,9.8,9.83,9.28,9.57,13954554,132474209.2,-0.19,-1.9467,9.4933,6.3331,2108693362.38,N/A,3834735605.25,220344134,0,400703825,35.2192,11.6403,9.7531,39.1215,
002015.SZ,霞客环保,2016-03-30,9.57,9.61,9.99,9.61,9.87,8951196,88045660.5,0.3,3.1348,9.8362,4.0624,2174796602.58,N/A,3954946752.75,220344134,0,400703825,36.3232,12.0052,10.0588,40.3479,
002015.SZ,霞客环保,2016-03-31,9.87,9.87,10.27,9.69,10.26,14445832,144868819.1,0.39,3.9514,10.0284,6.556,2260730814.84,N/A,4111221244.5,220344134,0,400703825,37.7585,12.4796,10.4563,41.9422,
002015.SZ,霞客环保,2016-04-01,10.26,10.1,10.94,10,10.57,21973008,231982525.9,0.31,3.0214,10.5576,9.9721,2329037496.38,N/A,4235439430.25,220344134,0,400703825,38.8994,12.8566,10.7722,43.2094,
002015.SZ,霞客环保,2016-04-05,10.57,10.68,10.74,10.37,10.61,13328786,140581923.9,0.04,0.3784,10.5472,6.0491,2337851261.74,N/A,4251467583.25,220344134,0,400703825,39.0466,12.9053,10.813,43.3729,
002015.SZ,霞客环保,2016-04-06,10.61,10.49,10.56,10.12,10.45,11087333,115492870.8,-0.16,-1.508,10.4167,5.0318,2302596200.3,N/A,4187354971.25,220344134,0,400703825,38.4577,12.7107,10.6499,42.7189,
002015.SZ,霞客环保,2016-04-07,10.45,10.4,10.68,10.31,10.31,9947757,104013352.6,-0.14,-1.3397,10.456,4.5146,2271748021.54,N/A,4131256435.75,220344134,0,400703825,37.9425,12.5404,10.5072,42.1466,
002015.SZ,霞客环保,2016-04-08,10.31,10.23,10.24,9.81,10,10493368,104519457.4,-0.31,-3.0068,9.9605,4.7623,2203441340,N/A,4007038250,220344134,0,400703825,36.8017,12.1633,10.1913,40.8793,
002015.SZ,霞客环保,2016-04-11,10,10.03,10.24,9.98,10.11,7429948,75267619.7,0.11,1.1,10.1303,3.372,2227679194.74,N/A,4051115670.75,220344134,0,400703825,37.2065,12.2971,10.3034,41.329,
002015.SZ,霞客环保,2016-04-12,10.11,10.13,10.19,9.91,10.03,5578402,55722522.5,-0.08,-0.7913,9.989,2.5317,2210051664.02,N/A,4019059364.75,220344134,0,400703825,36.9121,12.1998,10.2219,41.0019,
002015.SZ,霞客环保,2016-04-13,10.03,10.1,10.25,10,10.09,8501334,86256105.1,0.06,0.5982,10.1462,3.8582,2223272312.06,N/A,4043101594.25,220344134,0,400703825,37.1329,12.2728,10.283,41.2472,
002015.SZ,霞客环保,2016-04-14,10.09,10.16,10.19,10.02,10.12,5520730,55711013.2,0.03,0.2973,10.0912,2.5055,2229882636.08,N/A,4055122709,220344134,0,400703825,37.2433,12.3093,10.3136,41.3699,
002015.SZ,霞客环保,2016-04-15,10.12,10.1,11.13,10.03,11.13,17909692,188971016.2,1.01,9.9802,10.5513,8.1281,2452430211.42,N/A,4459833572.25,220344134,0,400703825,40.9603,13.5378,11.3429,45.4987,
002015.SZ,霞客环保,2016-04-18,11.13,11.26,11.83,11,11.02,30894518,354031791,-0.11,-0.9883,11.4594,14.021,2428192356.68,N/A,4415756151.5,220344134,0,400703825,40.5554,13.404,11.2308,45.049,
002015.SZ,霞客环保,2016-04-19,11.02,11.06,11.66,10.65,11.2,27806027,310507841.5,0.18,1.6334,11.1669,12.6194,2467854300.8,N/A,4487882840,220344134,0,400703825,41.2179,13.6229,11.4143,45.7848,
002015.SZ,霞客环保,2016-04-20,11.2,11.35,11.35,10.18,10.67,20552143,224038247.4,-0.53,-4.7321,10.901,9.3273,2351071909.78,N/A,4275509812.75,220344134,0,400703825,39.2674,12.9783,10.8741,43.6182,
002015.SZ,霞客环保,2016-04-21,10.67,10.72,10.85,10.35,10.38,11850823,125755610.7,-0.29,-2.7179,10.6116,5.3783,2287172110.92,N/A,4159305703.5,220344134,0,400703825,38.2001,12.6255,10.5786,42.4327,
002015.SZ,霞客环保,2016-04-22,10.38,10.11,10.52,9.95,10.33,10791239,110326829.1,-0.05,-0.4817,10.2237,4.8974,2276154904.22,N/A,4139270512.25,220344134,0,400703825,38.0161,12.5647,10.5276,42.2283,
002015.SZ,霞客环保,2016-04-25,10.33,10.32,10.32,10,10.12,6297140,63861986,-0.21,-2.0329,10.1414,2.8579,2229882636.08,N/A,4055122709,220344134,0,400703825,37.2433,12.3093,10.3136,41.3699,
002015.SZ,霞客环保,2016-04-26,10.12,10.1,10.24,9.97,10.13,8365258,84390836.8,0.01,0.0988,10.0883,3.7965,2232086077.42,N/A,4059129747.25,220344134,0,400703825,37.2801,12.3214,10.3238,41.4107,
002015.SZ,霞客环保,2016-04-27,10.13,10.1,10.13,9.95,10.05,9014571,90431367.5,-0.08,-0.7897,10.0317,4.0911,2214458546.7,N/A,4027073441.25,220344134,0,400703825,36.9857,12.2241,10.2423,41.0837,
002015.SZ,霞客环保,2016-04-28,10.05,10.05,10.58,10.01,10.2,10184703,104896838.3,0.15,1.4925,10.2994,4.6222,2247510166.8,N/A,4087179015,220344134,0,400703825,37.5377,12.4066,10.3951,41.6969,
002015.SZ,霞客环保,2016-04-29,10.2,10.12,10.28,10.03,10.13,5535458,56243871.3,-0.07,-0.6863,10.1607,2.5122,2232086077.42,N/A,4059129747.25,220344134,0,400703825,37.2801,12.3214,10.3238,41.4107,
002015.SZ,霞客环保,2016-05-03,10.13,10.14,10.36,10.03,10.3,6900325,70775646.9,0.17,1.6782,10.2569,3.1316,2269544580.2,N/A,4127249397.5,220344134,0,400703825,37.9057,12.5282,10.4971,42.1057,
002015.SZ,霞客环保,2016-05-04,10.3,10.29,11.33,10.25,11.33,30157782,333328836.7,1.03,10,11.0528,13.6867,2496499038.22,N/A,4539974337.25,220344134,0,400703825,41.6963,13.781,11.5468,46.3162,
002015.SZ,霞客环保,2016-05-05,11.33,11.35,11.42,10.81,11.05,23232691,257285044.3,-0.28,-2.4713,11.0743,10.5438,2434802680.7,N/A,4427777266.25,220344134,0,400703825,40.6658,13.4405,11.2614,45.1716,
002015.SZ,霞客环保,2016-05-06,11.05,11.16,11.28,10.29,10.35,18916167,203119817.6,-0.7,-6.3348,10.7379,8.5848,2280561786.9,N/A,4147284588.75,220344134,0,400703825,38.0897,12.589,10.548,42.3101,
002015.SZ,霞客环保,2016-05-09,10.35,10.2,10.35,9.76,9.9,12721428,128007797.9,-0.45,-4.3478,10.0624,5.7734,2181406926.6,N/A,3966967867.5,220344134,0,400703825,36.4337,12.0417,10.0894,40.4705,
002015.SZ,霞客环保,2016-05-10,9.9,9.94,10.06,9.7,9.9,7326704,72363956.1,0,0,9.8767,3.3251,2181406926.6,N/A,3966967867.5,220344134,0,400703825,36.4337,12.0417,10.0894,40.4705,
002015.SZ,霞客环保,2016-05-11,9.9,10,10,9.51,9.7,6682829,65320099,-0.2,-2.0202,9.7743,3.0329,2137338099.8,N/A,3886827102.5,220344134,0,400703825,35.6976,11.7984,9.8856,39.6529,
002015.SZ,霞客环保,2016-05-12,9.7,9.6,9.6,9.28,9.45,5630729,53066919.5,-0.25,-2.5773,9.4245,2.5554,2082252066.3,N/A,3786651146.25,220344134,0,400703825,34.7776,11.4943,9.6308,38.6309,
002015.SZ,霞客环保,2016-05-13,9.45,9.5,10.15,9.41,9.65,7109950,69606088.4,0.2,2.1164,9.79,3.2267,2126320893.1,N/A,3866791911.25,220344134,0,400703825,35.5136,11.7376,9.8346,39.4485,
002015.SZ,霞客环保,2016-05-16,9.65,9.65,9.99,9.53,9.91,5377028,52991919.5,0.26,2.6943,9.8552,2.4403,2183610367.94,N/A,3970974905.75,220344134,0,400703825,36.4705,12.0539,10.0996,40.5114,
002015.SZ,霞客环保,2016-05-17,9.91,9.92,9.99,9.55,9.74,5141251,50201034.5,-0.17,-1.7154,9.7644,2.3333,2146151865.16,N/A,3902855255.5,220344134,0,400703825,35.8448,11.8471,9.9263,39.8164,
002015.SZ,霞客环保,2016-05-18,9.74,9.58,9.58,9.18,9.41,8041382,75082327,-0.33,-3.3881,9.337,3.6495,2073438300.94,N/A,3770622993.25,220344134,0,400703825,34.6304,11.4457,9.59,38.4674,
002015.SZ,霞客环保,2016-05-19,9.41,9.3,9.52,9.3,9.34,4264223,40132185.8,-0.07,-0.7439,9.4114,1.9353,2058014211.56,N/A,3742573725.5,220344134,0,400703825,34.3728,11.3605,9.5187,38.1813,
002015.SZ,霞客环保,2016-05-20,9.34,9.26,9.42,9.19,9.41,3215324,29897014.5,0.07,0.7495,9.2983,1.4592,2073438300.94,N/A,3770622993.25,220344134,0,400703825,34.6304,11.4457,9.59,38.4674,
002015.SZ,霞客环保,2016-05-23,9.41,9.42,9.51,9.35,9.43,4050791,38230289.9,0.02,0.2125,9.4377,1.8384,2077845183.62,N/A,3778637069.75,220344134,0,400703825,34.704,11.47,9.6104,38.5492,
002015.SZ,霞客环保,2016-05-24,9.43,9.5,9.83,9.4,9.52,4906868,47011424.6,0.09,0.9544,9.5807,2.2269,2097676155.68,N/A,3814700414,220344134,0,400703825,35.0352,11.5795,9.7021,38.9171,
002015.SZ,霞客环保,2016-05-25,9.52,9.54,9.65,9.35,9.38,3309190,31348339,-0.14,-1.4706,9.4731,1.5018,2066827976.92,N/A,3758601878.5,220344134,0,400703825,34.52,11.4092,9.5595,38.3448,
002015.SZ,霞客环保,2016-05-26,9.38,9.39,9.45,9.12,9.29,4876362,45025116.9,-0.09,-0.9595,9.2333,2.2131,2046997004.86,N/A,3722538534.25,220344134,0,400703825,34.1888,11.2997,9.4677,37.9769,
002015.SZ,霞客环保,2016-05-27,9.29,9.35,9.36,9.2,9.25,3205293,29690065,-0.04,-0.4306,9.2628,1.4547,2038183239.5,N/A,3706510381.25,220344134,0,400703825,34.0415,11.2511,9.427,37.8134,
002015.SZ,霞客环保,2016-05-30,9.25,9.25,9.4,9.17,9.2,2364316,21813529.8,-0.05,-0.5405,9.2261,1.073,2027166032.8,N/A,3686475190,220344134,0,400703825,33.8575,11.1903,9.376,37.609,
002015.SZ,霞客环保,2016-05-31,9.2,9.2,9.65,9.2,9.57,6245968,59194534.7,0.37,4.0217,9.4772,2.8346,2108693362.38,N/A,3834735605.25,220344134,0,400703825,35.2192,11.6403,9.7531,39.1215,
002015.SZ,霞客环保,2016-06-01,9.57,9.58,9.85,9.53,9.54,6245424,60548070.4,-0.03,-0.3135,9.6948,2.8344,2102083038.36,N/A,3822714490.5,220344134,0,400703825,35.1088,11.6038,9.7225,38.9989,
002015.SZ,霞客环保,2016-06-02,9.54,9.54,9.68,9.45,9.61,5699465,54483611.8,0.07,0.7338,9.5594,2.5866,2117507127.74,N/A,3850763758.25,220344134,0,400703825,35.3664,11.689,9.7939,39.285,
002015.SZ,霞客环保,2016-06-03,9.61,9.67,9.69,9.43,9.58,4233376,40419634,-0.03,-0.3122,9.5478,1.9213,2110896803.72,N/A,3838742643.5,220344134,0,400703825,35.256,11.6525,9.7633,39.1624,
002015.SZ,霞客环保,2016-06-06,9.58,9.63,9.68,9.55,9.57,4550313,43668556.6,-0.01,-0.1044,9.5968,2.0651,2108693362.38,N/A,3834735605.25,220344134,0,400703825,35.2192,11.6403,9.7531,39.1215,
002015.SZ,霞客环保,2016-06-07,9.57,9.59,9.61,9.37,9.44,4733650,44853316.8,-0.13,-1.3584,9.4754,2.1483,2080048624.96,N/A,3782644108,220344134,0,400703825,34.7408,11.4822,9.6206,38.5901,
002015.SZ,霞客环保,2016-06-08,9.44,9.45,9.56,9.33,9.42,3834974,36072463.8,-0.02,-0.2119,9.4062,1.7404,2075641742.28,N/A,3774630031.5,220344134,0,400703825,34.6672,11.4578,9.6002,38.5083,
